<continuous data>
------------------------------------------------------------
Glass
ranges;folds;smooth;TP;FP;Accuracy;Precision;Recall;F
5;2;true;0.0;0.0;0.7802934;0.0;0.0;0.0
5;3;true;0.0;0.0;0.7802934;0.0;0.0;0.0
5;5;true;0.0;0.0;0.7802934;0.0;0.0;0.0
5;10;true;0.0;0.0;0.7802934;0.0;0.0;0.0
6;2;true;0.0;0.0;0.77058446;0.0;0.0;0.0
6;3;true;0.0;0.0;0.77058446;0.0;0.0;0.0
6;5;true;0.0;0.0;0.77058446;0.0;0.0;0.0
6;10;true;0.0;0.0;0.77058446;0.0;0.0;0.0
7;2;true;0.0;0.0;0.7693537;0.0;0.0;0.0
7;3;true;0.0;0.0;0.7693537;0.0;0.0;0.0
7;5;true;0.0;0.0;0.7693537;0.0;0.0;0.0
7;10;true;0.0;0.0;0.7693537;0.0;0.0;0.0
8;2;true;0.0;0.0;0.74234605;0.0;0.0;0.0
8;3;true;0.0;0.0;0.74234605;0.0;0.0;0.0
8;5;true;0.0;0.0;0.74234605;0.0;0.0;0.0
8;10;true;0.0;0.0;0.74234605;0.0;0.0;0.0
9;2;true;0.0;0.0;0.74051136;0.0;0.0;0.0
9;3;true;0.0;0.0;0.74051136;0.0;0.0;0.0
9;5;true;0.0;0.0;0.74051136;0.0;0.0;0.0
9;10;true;0.0;0.0;0.74051136;0.0;0.0;0.0
10;2;true;0.0;0.0;0.74366224;0.0;0.0;0.0
10;3;true;0.0;0.0;0.74366224;0.0;0.0;0.0
10;5;true;0.0;0.0;0.74366224;0.0;0.0;0.0
10;10;true;0.0;0.0;0.74366224;0.0;0.0;0.0
11;2;true;0.0;0.0;0.7375674;0.0;0.0;0.0
11;3;true;0.0;0.0;0.7375674;0.0;0.0;0.0
11;5;true;0.0;0.0;0.7375674;0.0;0.0;0.0
11;10;true;0.0;0.0;0.7375674;0.0;0.0;0.0
12;2;true;0.0;0.0;0.7269007;0.0;0.0;0.0
12;3;true;0.0;0.0;0.7269007;0.0;0.0;0.0
12;5;true;0.0;0.0;0.7269007;0.0;0.0;0.0
12;10;true;0.0;0.0;0.7269007;0.0;0.0;0.0
13;2;true;0.0;0.0;0.7381656;0.0;0.0;0.0
13;3;true;0.0;0.0;0.7381656;0.0;0.0;0.0
13;5;true;0.0;0.0;0.7381656;0.0;0.0;0.0
13;10;true;0.0;0.0;0.7381656;0.0;0.0;0.0
14;2;true;0.0;0.0;0.7374767;0.0;0.0;0.0
14;3;true;0.0;0.0;0.7374767;0.0;0.0;0.0
14;5;true;0.0;0.0;0.7374767;0.0;0.0;0.0
14;10;true;0.0;0.0;0.7374767;0.0;0.0;0.0
15;2;true;0.0;0.0;0.7361316;0.0;0.0;0.0
15;3;true;0.0;0.0;0.7361316;0.0;0.0;0.0
15;5;true;0.0;0.0;0.7361316;0.0;0.0;0.0
15;10;true;0.0;0.0;0.7361316;0.0;0.0;0.0
16;2;true;0.0;0.0;0.7304883;0.0;0.0;0.0
16;3;true;0.0;0.0;0.7304883;0.0;0.0;0.0
16;5;true;0.0;0.0;0.7304883;0.0;0.0;0.0
16;10;true;0.0;0.0;0.7304883;0.0;0.0;0.0
17;2;true;0.0;0.0;0.73487526;0.0;0.0;0.0
17;3;true;0.0;0.0;0.73487526;0.0;0.0;0.0
17;5;true;0.0;0.0;0.73487526;0.0;0.0;0.0
17;10;true;0.0;0.0;0.73487526;0.0;0.0;0.0
18;2;true;0.0;0.0;0.73732424;0.0;0.0;0.0
18;3;true;0.0;0.0;0.73732424;0.0;0.0;0.0
18;5;true;0.0;0.0;0.73732424;0.0;0.0;0.0
18;10;true;0.0;0.0;0.73732424;0.0;0.0;0.0
19;2;true;0.0;0.0;0.7367456;0.0;0.0;0.0
19;3;true;0.0;0.0;0.7367456;0.0;0.0;0.0
19;5;true;0.0;0.0;0.7367456;0.0;0.0;0.0
19;10;true;0.0;0.0;0.7367456;0.0;0.0;0.0
20;2;true;0.0;0.0;0.7367456;0.0;0.0;0.0
20;3;true;0.0;0.0;0.7367456;0.0;0.0;0.0
20;5;true;0.0;0.0;0.7367456;0.0;0.0;0.0
20;10;true;0.0;0.0;0.7367456;0.0;0.0;0.0
5;2;false;0.4642857;0.18956634;0.76155937;0.4855637;0.4642857;0.4400306
5;3;false;0.4107143;0.21184514;0.73660713;0.4274854;0.4107143;0.37482947
5;5;false;0.49107143;0.19154322;0.7777424;0.5216417;0.49107143;0.4381856
5;10;false;0.49107143;0.19496202;0.77439415;0.5028015;0.49107143;0.44477043
6;2;false;0.46564886;0.21006063;0.751413;0.50175816;0.46564886;0.43452182
6;3;false;0.5648855;0.18391937;0.7971563;0.56644535;0.5648855;0.5231558
6;5;false;0.519084;0.20148148;0.7722743;0.5282141;0.519084;0.476791
6;10;false;0.5496183;0.19337946;0.78789115;0.5480925;0.5496183;0.49898076
7;2;false;0.5109489;0.19984253;0.76024294;0.5420087;0.5109489;0.49166933
7;3;false;0.50364965;0.20295992;0.7582183;0.54008317;0.50364965;0.47618002
7;5;false;0.54744524;0.1848933;0.78539073;0.47632983;0.54744524;0.49629274
7;10;false;0.5328467;0.19155324;0.7761202;0.4633394;0.5328467;0.48560774
8;2;false;0.46961325;0.261586;0.705534;0.42779532;0.46961325;0.43916038
8;3;false;0.5745856;0.20896973;0.7716797;0.56828946;0.5745856;0.53939575
8;5;false;0.59116024;0.2009698;0.787125;0.5232261;0.59116024;0.54207855
8;10;false;0.640884;0.18063335;0.8164891;0.5553252;0.640884;0.5864834
9;2;false;0.4918919;0.25140765;0.7197954;0.53219706;0.4918919;0.4619357
9;3;false;0.6054054;0.1949053;0.7952958;0.6151941;0.6054054;0.5606427
9;5;false;0.6378378;0.17974387;0.81195027;0.62496895;0.6378378;0.6004246
9;10;false;0.6486486;0.17442565;0.817268;0.62960297;0.6486486;0.61124146
10;2;false;0.40425533;0.28433326;0.6684586;0.44714853;0.40425533;0.39446396
10;3;false;0.47340426;0.25954217;0.70591897;0.4940197;0.47340426;0.45559648
10;5;false;0.5319149;0.23091254;0.7439452;0.52790457;0.5319149;0.50341916
10;10;false;0.53723407;0.22746643;0.7474819;0.5341831;0.53723407;0.5092197
11;2;false;0.52307695;0.23483633;0.74282706;0.56613964;0.52307695;0.48626143
11;3;false;0.53846157;0.23199537;0.749165;0.5569151;0.53846157;0.50196457
11;5;false;0.5897436;0.20664585;0.7758317;0.62834007;0.5897436;0.5579631
11;10;false;0.5897436;0.20760827;0.7756213;0.6267013;0.5897436;0.55806166
12;2;false;0.49756098;0.26156294;0.70710284;0.5662398;0.49756098;0.48712832
12;3;false;0.6292683;0.1961709;0.7913385;0.65535146;0.6292683;0.60637265
12;5;false;0.62439024;0.19948085;0.78867334;0.6065443;0.62439024;0.5970847
12;10;false;0.6097561;0.20759696;0.7797501;0.5964676;0.6097561;0.5816432
13;2;false;0.4471154;0.28032517;0.69478095;0.42591366;0.4471154;0.40789777
13;3;false;0.45673078;0.27823874;0.69748527;0.42292324;0.45673078;0.41890052
13;5;false;0.4903846;0.26069066;0.71629995;0.50208336;0.4903846;0.45633796
13;10;false;0.49519232;0.25988573;0.719143;0.5036846;0.49519232;0.45900452
14;2;false;0.48514852;0.25463414;0.72264975;0.46180183;0.48514852;0.4470657
14;3;false;0.48514852;0.2584886;0.71931666;0.45983586;0.48514852;0.44444454
14;5;false;0.5;0.25206372;0.7229684;0.45225045;0.5;0.46385768
14;10;false;0.53960395;0.2331911;0.74982846;0.47939092;0.53960395;0.49662697
15;2;false;0.47596154;0.26148418;0.7125324;0.45951143;0.47596154;0.44234425
15;3;false;0.52403843;0.23945436;0.7419332;0.5318026;0.52403843;0.48537096
15;5;false;0.52884614;0.2354775;0.74431396;0.5502034;0.52884614;0.49263403
15;10;false;0.53365386;0.233782;0.7473188;0.55093026;0.53365386;0.4961643
16;2;false;0.50980395;0.24910288;0.7236159;0.52826667;0.50980395;0.4794426
16;3;false;0.5245098;0.24560857;0.73423684;0.5301255;0.5245098;0.49139205
16;5;false;0.5588235;0.22970319;0.75756925;0.5072887;0.5588235;0.5146235
16;10;false;0.5735294;0.22266996;0.7679499;0.5167865;0.5735294;0.5270423
17;2;false;0.44761905;0.28480393;0.6832427;0.4838801;0.44761905;0.42757598
17;3;false;0.5190476;0.24453047;0.7358277;0.4821409;0.5190476;0.47582322
17;5;false;0.52380955;0.24418767;0.733356;0.5436231;0.52380955;0.49279785
17;10;false;0.54285717;0.23508403;0.7464172;0.5537881;0.54285717;0.51081026
18;2;false;0.47619048;0.26389384;0.7088209;0.5649741;0.47619048;0.45027494
18;3;false;0.52380955;0.2411124;0.73442173;0.57995915;0.52380955;0.50009185
18;5;false;0.54761904;0.22972168;0.7492517;0.5927565;0.54761904;0.52442545
18;10;false;0.5714286;0.21728797;0.7644444;0.6103943;0.5714286;0.5457607
19;2;false;0.48598132;0.2592301;0.7175736;0.5074914;0.48598132;0.44546473
19;3;false;0.52803737;0.23601207;0.7456764;0.4937064;0.52803737;0.4810386
19;5;false;0.5186916;0.24236676;0.73654896;0.5176397;0.5186916;0.4794742
19;10;false;0.5373832;0.2323748;0.74840593;0.53189874;0.5373832;0.4967045
20;2;false;0.46728972;0.2683163;0.706874;0.49914968;0.46728972;0.42468935
20;3;false;0.53271025;0.2362127;0.7471831;0.5962865;0.53271025;0.4949815
20;5;false;0.53271025;0.2362127;0.7461569;0.5945125;0.53271025;0.4963505
20;10;false;0.5420561;0.23166959;0.7536029;0.559301;0.5420561;0.49719024
iris
ranges;folds;smooth;TP;FP;Accuracy;Precision;Recall;F
5;2;true;0.08661418;0.5059341;0.36945873;0.06615948;0.08661418;0.07414965
5;3;true;0.11811024;0.5047881;0.38266474;0.11211913;0.11811024;0.110226005
5;5;true;0.22047244;0.45807892;0.4535309;0.2158983;0.22047244;0.1983591
5;10;true;0.25984251;0.4348181;0.482547;0.26045167;0.25984251;0.23295765
6;2;true;0.033783782;0.4874016;0.35404494;0.023243321;0.033783782;0.026511079
6;3;true;0.033783782;0.48771086;0.35395363;0.017414322;0.033783782;0.022982167
6;5;true;0.033783782;0.4877108;0.35395363;0.017414322;0.033783782;0.022982167
6;10;true;0.0472973;0.48102236;0.36299306;0.023887523;0.0472973;0.03174315
7;2;true;0.0;0.51939917;0.32413265;0.0;0.0;0.0
7;3;true;0.06428572;0.4918917;0.36642858;0.036525976;0.06428572;0.04658385
7;5;true;0.05;0.49847946;0.3567857;0.030120483;0.05;0.037593983
7;10;true;0.07857143;0.4860872;0.37566328;0.04414125;0.07857143;0.056526206
8;2;true;0.006666667;0.49666667;0.3377778;0.0036231882;0.006666667;0.0046948357
8;3;true;0.026666667;0.48666668;0.35111108;0.014035088;0.026666667;0.018390805
8;5;true;0.026666667;0.48666668;0.3511111;0.01388889;0.026666667;0.018264841
8;10;true;0.053333335;0.47333333;0.3688889;0.026402641;0.053333335;0.03532009
9;2;true;0.0;0.5074405;0.32998687;0.0;0.0;0.0
9;3;true;0.01369863;0.5011561;0.33899418;0.007872776;0.01369863;0.0099990005
9;5;true;0.034246575;0.49109185;0.35278666;0.019025875;0.034246575;0.024461841
9;10;true;0.04109589;0.48837483;0.35710263;0.021859517;0.04109589;0.028538816
10;2;true;0.0;0.5079272;0.3297054;0.0;0.0;0.0
10;3;true;0.0;0.50908244;0.32918936;0.0;0.0;0.0
10;5;true;0.006849315;0.5042525;0.3344436;0.0041260934;0.006849315;0.005149861
10;10;true;0.006849315;0.5055021;0.33388063;0.0041260934;0.006849315;0.005149861
11;2;true;0.0;0.5;0.33333334;0.0;0.0;0.0
11;3;true;0.0;0.5;0.33333334;0.0;0.0;0.0
11;5;true;0.0;0.5;0.33333334;0.0;0.0;0.0
11;10;true;0.0;0.5;0.33333334;0.0;0.0;0.0
12;2;true;0.0;0.5;0.33333334;0.0;0.0;0.0
12;3;true;0.0;0.5;0.33333334;0.0;0.0;0.0
12;5;true;0.0;0.5;0.33333334;0.0;0.0;0.0
12;10;true;0.0;0.5;0.33333334;0.0;0.0;0.0
13;2;true;0.0;0.5;0.33333334;0.0;0.0;0.0
13;3;true;0.0;0.5;0.33333334;0.0;0.0;0.0
13;5;true;0.006666667;0.49666667;0.33777776;0.0037453182;0.006666667;0.004796163
13;10;true;0.006666667;0.49666667;0.3377778;0.003663004;0.006666667;0.0047281324
14;2;true;0.0;0.5;0.33333334;0.0;0.0;0.0
14;3;true;0.0;0.5;0.33333334;0.0;0.0;0.0
14;5;true;0.006666667;0.49666667;0.3377778;0.0037037039;0.006666667;0.004761905
14;10;true;0.006666667;0.49666667;0.3377778;0.003663004;0.006666667;0.0047281324
15;2;true;0.0;0.5;0.33333337;0.0;0.0;0.0
15;3;true;0.0;0.5;0.33333334;0.0;0.0;0.0
15;5;true;0.006666667;0.49666667;0.3377778;0.0035842296;0.006666667;0.0046620048
15;10;true;0.006666667;0.49666667;0.3377778;0.0036231882;0.006666667;0.0046948357
16;2;true;0.0;0.5;0.33333334;0.0;0.0;0.0
16;3;true;0.0;0.5;0.33333334;0.0;0.0;0.0
16;5;true;0.006666667;0.49666667;0.33777776;0.0036231882;0.006666667;0.0046948357
16;10;true;0.006666667;0.49666667;0.3377778;0.0036231882;0.006666667;0.0046948357
17;2;true;0.0;0.5;0.33333334;0.0;0.0;0.0
17;3;true;0.0;0.5;0.33333334;0.0;0.0;0.0
17;5;true;0.0;0.5;0.33333334;0.0;0.0;0.0
17;10;true;0.0;0.5;0.33333334;0.0;0.0;0.0
18;2;true;0.006666667;0.49666667;0.33777776;0.0074074077;0.006666667;0.007017544
18;3;true;0.0;0.5;0.33333334;0.0;0.0;0.0
18;5;true;0.0;0.5;0.33333334;0.0;0.0;0.0
18;10;true;0.0;0.5;0.33333334;0.0;0.0;0.0
19;2;true;0.006666667;0.49666667;0.3377778;0.004115226;0.006666667;0.0050890585
19;3;true;0.006666667;0.49666667;0.33777776;0.0037453182;0.006666667;0.004796163
19;5;true;0.006666667;0.49666667;0.33777776;0.0037878787;0.006666667;0.004830918
19;10;true;0.006666667;0.49666667;0.33777776;0.0037878787;0.006666667;0.004830918
20;2;true;0.006666667;0.49666667;0.3377778;0.0040160646;0.006666667;0.0050125313
20;3;true;0.006666667;0.49666667;0.3377778;0.007936507;0.006666667;0.0072463765
20;5;true;0.0;0.5;0.33333334;0.0;0.0;0.0
20;10;true;0.0;0.5;0.33333334;0.0;0.0;0.0
5;2;false;0.96850395;0.014970912;0.9809039;0.9690617;0.96850395;0.9683846
5;3;false;0.9448819;0.030309903;0.963606;0.94516444;0.9448819;0.94442445
5;5;false;0.93700784;0.03434065;0.9588319;0.93758297;0.93700784;0.9364434
5;10;false;0.96062994;0.019001657;0.97612995;0.961922;0.96062994;0.9603849
6;2;false;0.9189189;0.040646397;0.94608295;0.92352957;0.9189189;0.9170252
6;3;false;0.9459459;0.02696017;0.96411616;0.9461249;0.9459459;0.9455706
6;5;false;0.9459459;0.026857097;0.96416175;0.94652194;0.9459459;0.9457731
6;10;false;0.9459459;0.026857097;0.96416175;0.94652194;0.9459459;0.9457731
7;2;false;0.95;0.02581569;0.9670408;0.95110214;0.95;0.9497287
7;3;false;0.96428573;0.01707735;0.9768877;0.9645954;0.96428573;0.96421576
7;5;false;0.9357143;0.031346697;0.9582142;0.9370745;0.9357143;0.93544346
7;10;false;0.94285715;0.028180277;0.96280617;0.94358313;0.94285715;0.9425805
8;2;false;0.9066667;0.046666667;0.9377778;0.9071415;0.9066667;0.90563375
8;3;false;0.9266667;0.036666665;0.95111114;0.92652214;0.9266667;0.9260301
8;5;false;0.92;0.04;0.94666666;0.9201773;0.92;0.91926545
8;10;false;0.9266667;0.036666665;0.95111114;0.92652214;0.9266667;0.9260301
9;2;false;0.9041096;0.04951775;0.9358228;0.91877234;0.9041096;0.90483093
9;3;false;0.9520548;0.024333708;0.9680991;0.95302516;0.9520548;0.9517002
9;5;false;0.9589041;0.020766355;0.9726966;0.9593259;0.9589041;0.958658
9;10;false;0.9589041;0.020766355;0.9726966;0.9593259;0.9589041;0.958658
10;2;false;0.8767123;0.06210361;0.9179958;0.88415223;0.8767123;0.87484485
10;3;false;0.96575344;0.017198937;0.9774349;0.9662266;0.96575344;0.96549684
10;5;false;0.9246575;0.037656076;0.9499906;0.9248605;0.9246575;0.92372715
10;10;false;0.9520548;0.023702327;0.9684275;0.9517424;0.9520548;0.9518309
11;2;false;0.85333335;0.07333333;0.9022222;0.86825967;0.85333335;0.8520337
11;3;false;0.9;0.05;0.93333334;0.9056322;0.9;0.8992154
11;5;false;0.9066667;0.046666667;0.9377778;0.90747476;0.9066667;0.9055305
11;10;false;0.91333336;0.043333333;0.9422222;0.9153298;0.91333336;0.91236234
12;2;false;0.84;0.08;0.8933333;0.86216146;0.84;0.83884656
12;3;false;0.94;0.03;0.96;0.9405863;0.94;0.9395605
12;5;false;0.9266667;0.036666665;0.951111;0.9268212;0.9266667;0.92594856
12;10;false;0.94666666;0.026666667;0.96444446;0.9466239;0.94666666;0.94638926
13;2;false;0.87333333;0.06333333;0.91555554;0.8802947;0.87333333;0.8718568
13;3;false;0.9266667;0.036666665;0.951111;0.9278141;0.9266667;0.9258976
13;5;false;0.9066667;0.046666667;0.9377778;0.91109365;0.9066667;0.905834
13;10;false;0.93333334;0.033333335;0.9555555;0.93414927;0.93333334;0.9327351
14;2;false;0.86;0.07;0.9066667;0.8723408;0.86;0.8581968
14;3;false;0.88;0.06;0.92;0.88591266;0.88;0.878156
14;5;false;0.9;0.05;0.93333334;0.90124714;0.9;0.89876455
14;10;false;0.91333336;0.043333333;0.9422222;0.91387075;0.91333336;0.91227937
15;2;false;0.84;0.08;0.8933333;0.8646007;0.84;0.8379501
15;3;false;0.85333335;0.07333333;0.9022222;0.8614483;0.85333335;0.85092145
15;5;false;0.91333336;0.043333333;0.9422222;0.9136982;0.91333336;0.91238284
15;10;false;0.92;0.04;0.94666666;0.9211906;0.92;0.91931224
16;2;false;0.8466667;0.07666667;0.89777774;0.8613622;0.8466667;0.84507287
16;3;false;0.8466667;0.07666667;0.89777774;0.856102;0.8466667;0.84420687
16;5;false;0.88666666;0.05666667;0.9244445;0.89289236;0.88666666;0.884858
16;10;false;0.9066667;0.046666667;0.9377777;0.9098992;0.9066667;0.9056951
17;2;false;0.79333335;0.10333333;0.8622222;0.8350869;0.79333335;0.7910867
17;3;false;0.8466667;0.07666667;0.8977778;0.8552183;0.8466667;0.8438253
17;5;false;0.9;0.05;0.93333334;0.90171;0.9;0.8987258
17;10;false;0.8933333;0.053333335;0.92888886;0.8947125;0.8933333;0.8917628
18;2;false;0.7733333;0.11333334;0.84888893;0.82096153;0.7733333;0.7715581
18;3;false;0.82;0.09;0.88;0.839612;0.82;0.81738186
18;5;false;0.88;0.06;0.92;0.8869047;0.88;0.87859964
18;10;false;0.87333333;0.06333333;0.91555554;0.88056517;0.87333333;0.87157285
19;2;false;0.7266667;0.13666667;0.81777775;0.7911936;0.7266667;0.72150785
19;3;false;0.82;0.09;0.88;0.85079366;0.82;0.81812865
19;5;false;0.8666667;0.06666667;0.9111111;0.87444437;0.8666667;0.8645117
19;10;false;0.87333333;0.06333333;0.91555554;0.88056517;0.87333333;0.87157285
20;2;false;0.74;0.13;0.82666665;0.80710953;0.74;0.73616296
20;3;false;0.81333333;0.093333334;0.8755555;0.831065;0.81333333;0.80989116
20;5;false;0.87333333;0.06333333;0.91555554;0.87728566;0.87333333;0.87146026
20;10;false;0.8666667;0.06666667;0.9111111;0.8692042;0.8666667;0.8644124
wine
ranges;folds;smooth;TP;FP;Accuracy;Precision;Recall;F
5;2;true;0.17977528;0.37132782;0.46853298;0.3644359;0.17977528;0.19418624
5;3;true;0.21348314;0.37306908;0.482357;0.2956766;0.21348314;0.20396046
5;5;true;0.2977528;0.3350919;0.53809494;0.37046328;0.2977528;0.2755215
5;10;true;0.3258427;0.32141325;0.55718976;0.40679234;0.3258427;0.30065274
6;2;true;0.101123594;0.40461788;0.41494128;0.17100438;0.101123594;0.09330981
6;3;true;0.13483146;0.39834;0.4343517;0.27750728;0.13483146;0.13862687
6;5;true;0.1741573;0.38074407;0.4583386;0.3088635;0.1741573;0.1633409
6;10;true;0.18539326;0.37186635;0.46761772;0.36905926;0.18539326;0.17782696
7;2;true;0.09550562;0.41357136;0.40919703;0.19837028;0.09550562;0.09008919
7;3;true;0.11797753;0.40337226;0.42298955;0.17553803;0.11797753;0.10131878
7;5;true;0.16292135;0.3853555;0.45186847;0.26933682;0.16292135;0.15436776
7;10;true;0.20786516;0.37041435;0.47891682;0.29708523;0.20786516;0.19124441
8;2;true;0.07865169;0.41741288;0.4000126;0.14488415;0.07865169;0.07476192
8;3;true;0.09550562;0.41616726;0.40884987;0.20470692;0.09550562;0.09997744
8;5;true;0.15730338;0.39784732;0.44464082;0.24249342;0.15730338;0.14618091
8;10;true;0.21910113;0.36699364;0.4857657;0.33350444;0.21910113;0.19025327
9;2;true;0.011235955;0.4470339;0.35620502;0.0070523545;0.011235955;0.008665639
9;3;true;0.016853932;0.4416695;0.3611602;0.07304298;0.016853932;0.018646944
9;5;true;0.04494382;0.4265688;0.3813281;0.24105655;0.04494382;0.05748344
9;10;true;0.056179777;0.42384228;0.38814545;0.27878988;0.056179777;0.07619988
10;2;true;0.0056179776;0.4391873;0.35718343;0.0035640933;0.0056179776;0.004361325
10;3;true;0.028089888;0.43821502;0.367441;0.016911259;0.028089888;0.021112144
10;5;true;0.02247191;0.43865275;0.36491603;0.089429475;0.02247191;0.022773068
10;10;true;0.039325844;0.43408328;0.3743214;0.085241325;0.039325844;0.034466654
11;2;true;0.02247191;0.43131083;0.36804065;0.013810862;0.02247191;0.017107647
11;3;true;0.011235955;0.44374385;0.35740435;0.006563578;0.011235955;0.008286517
11;5;true;0.02247191;0.4376934;0.36516854;0.013529007;0.02247191;0.016889717
11;10;true;0.033707865;0.43804246;0.3698081;0.019122731;0.033707865;0.024402013
12;2;true;0.0056179776;0.43184543;0.36068678;0.0038995375;0.0056179776;0.0046036206
12;3;true;0.0056179776;0.4363431;0.35857213;0.0037242773;0.0056179776;0.0044791983
12;5;true;0.016853932;0.4348073;0.36396918;0.010251361;0.016853932;0.012748486
12;10;true;0.016853932;0.43221137;0.36507386;0.010146755;0.016853932;0.012667287
13;2;true;0.011235955;0.43519428;0.36147583;0.0071220277;0.011235955;0.008671838
13;3;true;0.016853932;0.4376346;0.3632117;0.06411053;0.016853932;0.01895025
13;5;true;0.016853932;0.43290552;0.364632;0.010533801;0.016853932;0.012955943
13;10;true;0.02247191;0.4322533;0.36696753;0.01378653;0.02247191;0.017084291
14;2;true;0.011235955;0.43238392;0.36270672;0.007205667;0.011235955;0.008780415
14;3;true;0.0056179776;0.44272566;0.35570005;0.0036424252;0.0056179776;0.004419476
14;5;true;0.02247191;0.43106255;0.3683247;0.014569701;0.02247191;0.017677903
14;10;true;0.033707865;0.4281046;0.37441608;0.020502722;0.033707865;0.025496973
15;2;true;0.011235955;0.43190423;0.36302233;0.0074485545;0.011235955;0.0089583965
15;3;true;0.016853932;0.4345759;0.36400077;0.010044264;0.016853932;0.012587114
15;5;true;0.0056179776;0.43588033;0.35863525;0.0035640933;0.0056179776;0.004361325
15;10;true;0.0056179776;0.43493792;0.359014;0.0035261773;0.0056179776;0.0043328195
16;2;true;0.0;0.44126165;0.35380635;0.0;0.0;0.0
16;3;true;0.0;0.44268376;0.35311198;0.0;0.0;0.0
16;5;true;0.011235955;0.43782404;0.3605921;0.083301455;0.011235955;0.014829568
16;10;true;0.0056179776;0.4351693;0.35898244;0.0036028335;0.0056179776;0.0043902076
17;2;true;0.016853932;0.43361655;0.364632;0.01069228;0.016853932;0.013083974
17;3;true;0.0056179776;0.43564898;0.35866684;0.00348906;0.0056179776;0.004304684
17;5;true;0.016853932;0.43007824;0.3661154;0.010467179;0.016853932;0.012914052
17;10;true;0.02247191;0.43250158;0.36737785;0.013258426;0.02247191;0.016677266
18;2;true;0.0;0.44124475;0.35405883;0.0;0.0;0.0
18;3;true;0.0;0.4391285;0.35484785;0.0;0.0;0.0
18;5;true;0.0056179776;0.43659142;0.35828808;0.0035261773;0.0056179776;0.0043328195
18;10;true;0.011235955;0.4357078;0.3613811;0.20282045;0.011235955;0.01515055
19;2;true;0.0;0.43344006;0.3576253;0.0;0.0;0.0
19;3;true;0.0;0.43747503;0.35557377;0.0;0.0;0.0
19;5;true;0.0056179776;0.4259256;0.3631486;0.0027516624;0.0056179776;0.0036940125
19;10;true;0.0056179776;0.43303612;0.36002398;0.0037242773;0.0056179776;0.0044791983
20;2;true;0.0056179776;0.4344413;0.35996088;0.06647941;0.0056179776;0.010360425
20;3;true;0.0;0.4436262;0.35273322;0.0;0.0;0.0
20;5;true;0.0056179776;0.44485885;0.35465848;0.0035261773;0.0056179776;0.0043328195
20;10;true;0.0056179776;0.44439608;0.3547216;0.0033822518;0.0056179776;0.0042224294
5;2;false;0.8651685;0.07533111;0.90692466;0.87632185;0.8651685;0.8667336
5;3;false;0.8651685;0.076273546;0.9083134;0.87906724;0.8651685;0.86422324
5;5;false;0.92134833;0.04370754;0.94539833;0.92657137;0.92134833;0.9215266
5;10;false;0.9325843;0.038136773;0.95360434;0.9362143;0.9325843;0.932548
6;2;false;0.8764045;0.06693304;0.9162038;0.8921561;0.8764045;0.87685907
6;3;false;0.85955054;0.07528919;0.9035476;0.8792106;0.85955054;0.86143243
6;5;false;0.8764045;0.068817906;0.9126057;0.8838129;0.8764045;0.8780479
6;10;false;0.9101124;0.051163174;0.9372238;0.91386884;0.9101124;0.9108854
7;2;false;0.8033708;0.10266336;0.86611545;0.8328513;0.8033708;0.8050854
7;3;false;0.8146067;0.094976336;0.87362707;0.855331;0.8146067;0.817445
7;5;false;0.8426966;0.081280805;0.89265877;0.8642369;0.8426966;0.84362304
7;10;false;0.8820225;0.061783116;0.9199281;0.8912694;0.8820225;0.8822031
8;2;false;0.7977528;0.10898709;0.86276984;0.82437736;0.7977528;0.80035794
8;3;false;0.8202247;0.09101716;0.8803181;0.87218195;0.8202247;0.824326
8;5;false;0.7977528;0.108044654;0.8605921;0.82524264;0.7977528;0.8015226
8;10;false;0.8707865;0.07089224;0.9117536;0.8790541;0.8707865;0.8717998
9;2;false;0.76404494;0.118870996;0.84364355;0.8488106;0.76404494;0.7672768
9;3;false;0.78651685;0.10961432;0.8560472;0.84679025;0.78651685;0.7911054
9;5;false;0.8202247;0.09030609;0.8784876;0.8664922;0.8202247;0.8245177
9;10;false;0.8426966;0.080106996;0.8948996;0.8737707;0.8426966;0.84568566
10;2;false;0.7247191;0.13836867;0.81274456;0.83247745;0.7247191;0.7306606
10;3;false;0.7977528;0.10427493;0.86387455;0.8416026;0.7977528;0.8012005
10;5;false;0.7752809;0.1163589;0.84673655;0.82435524;0.7752809;0.7800904
10;10;false;0.8202247;0.09407582;0.87810886;0.8496285;0.8202247;0.82346565
11;2;false;0.6966292;0.15229559;0.79440725;0.8233196;0.6966292;0.70132375
11;3;false;0.7696629;0.11985534;0.84228635;0.82691354;0.7696629;0.775678
11;5;false;0.7921348;0.106828935;0.8568994;0.8461558;0.7921348;0.79827255
11;10;false;0.83146065;0.08638881;0.8841686;0.87118196;0.83146065;0.8362925
12;2;false;0.7022472;0.15162645;0.7999305;0.79737604;0.7022472;0.70456845
12;3;false;0.7022472;0.15422237;0.80030924;0.79612845;0.7022472;0.7048779
12;5;false;0.7696629;0.117028035;0.84083444;0.8424859;0.7696629;0.7744648
12;10;false;0.8146067;0.09662983;0.87362707;0.8570099;0.8146067;0.81740355
13;2;false;0.6797753;0.16088313;0.78497034;0.80198;0.6797753;0.67954546
13;3;false;0.71348315;0.14605568;0.8041282;0.80089706;0.71348315;0.71648693
13;5;false;0.747191;0.12674747;0.82694733;0.82102185;0.747191;0.75140494
13;10;false;0.8033708;0.10054711;0.8665257;0.84867823;0.8033708;0.80727303
14;2;false;0.66292137;0.16923927;0.7755649;0.79552984;0.66292137;0.6577738
14;3;false;0.6292135;0.18877889;0.74690694;0.75832224;0.6292135;0.6223638
14;5;false;0.7078652;0.14601378;0.80040395;0.8197634;0.7078652;0.70993066
14;10;false;0.75842696;0.122830175;0.83550054;0.82770437;0.75842696;0.7616868
15;2;false;0.64606744;0.17571057;0.76252997;0.8075276;0.64606744;0.63999563
15;3;false;0.6853933;0.16186747;0.7879687;0.7790876;0.6853933;0.6864917
15;5;false;0.6797753;0.16276799;0.7824138;0.7873228;0.6797753;0.68092793
15;10;false;0.74157304;0.13401362;0.8246118;0.80594045;0.74157304;0.74266225
16;2;false;0.6292135;0.18666266;0.75205153;0.79749197;0.6292135;0.6212599
16;3;false;0.6348315;0.18387726;0.7557758;0.8002541;0.6348315;0.6249634
16;5;false;0.6966292;0.15512289;0.79437566;0.8037687;0.6966292;0.69932765
16;10;false;0.7303371;0.13841058;0.8182363;0.8205296;0.7303371;0.729842
17;2;false;0.6235955;0.19039047;0.7468438;0.7870684;0.6235955;0.6156956
17;3;false;0.6292135;0.18972132;0.7476644;0.7516929;0.6292135;0.6283806
17;5;false;0.6797753;0.16159418;0.7820666;0.81100255;0.6797753;0.68021727
17;10;false;0.71348315;0.1458243;0.80630594;0.8183922;0.71348315;0.71411586
18;2;false;0.56179774;0.22008725;0.70461434;0.77569145;0.56179774;0.5398058
18;3;false;0.5955056;0.20431738;0.7256344;0.7724339;0.5955056;0.5918568
18;5;false;0.64044946;0.1803808;0.75479734;0.78599393;0.64044946;0.63804466
18;10;false;0.7078652;0.14860968;0.8025817;0.81523544;0.7078652;0.71007365
19;2;false;0.53932583;0.2293439;0.69258934;0.7939797;0.53932583;0.5058688
19;3;false;0.58426964;0.2089457;0.7199533;0.78195345;0.58426964;0.57130885
19;5;false;0.6123595;0.19501878;0.7382906;0.7898018;0.6123595;0.60585153
19;10;false;0.6741573;0.16437955;0.78052014;0.810033;0.6741573;0.6748924
20;2;false;0.53370786;0.2321293;0.68558264;0.7905174;0.53370786;0.5066848
20;3;false;0.5730337;0.21663274;0.71171564;0.7357238;0.5730337;0.5598458
20;5;false;0.6292135;0.18477777;0.74914783;0.8145188;0.6292135;0.62307626
20;10;false;0.6853933;0.15621287;0.78616965;0.82111865;0.6853933;0.6851605



RangeDiscretizer
------------------------------------------------------------
Glass
ranges;folds;smooth;TP;FP;Accuracy;Precision;Recall;F
5;2;true;0.0;0.0;0.7802934;0.0;0.0;0.0
5;3;true;0.0;0.0;0.7802934;0.0;0.0;0.0
5;5;true;0.0;0.0;0.7802934;0.0;0.0;0.0
5;10;true;0.0;0.0;0.7802934;0.0;0.0;0.0
6;2;true;0.0;0.0;0.77058446;0.0;0.0;0.0
6;3;true;0.0;0.0;0.77058446;0.0;0.0;0.0
6;5;true;0.0;0.0;0.77058446;0.0;0.0;0.0
6;10;true;0.0;0.0;0.77058446;0.0;0.0;0.0
7;2;true;0.0;0.0;0.7693537;0.0;0.0;0.0
7;3;true;0.0;0.0;0.7693537;0.0;0.0;0.0
7;5;true;0.0;0.0;0.7693537;0.0;0.0;0.0
7;10;true;0.0;0.0;0.7693537;0.0;0.0;0.0
8;2;true;0.0;0.0;0.74234605;0.0;0.0;0.0
8;3;true;0.0;0.0;0.74234605;0.0;0.0;0.0
8;5;true;0.0;0.0;0.74234605;0.0;0.0;0.0
8;10;true;0.0;0.0;0.74234605;0.0;0.0;0.0
9;2;true;0.0;0.0;0.74051136;0.0;0.0;0.0
9;3;true;0.0;0.0;0.74051136;0.0;0.0;0.0
9;5;true;0.0;0.0;0.74051136;0.0;0.0;0.0
9;10;true;0.0;0.0;0.74051136;0.0;0.0;0.0
10;2;true;0.0;0.0;0.74366224;0.0;0.0;0.0
10;3;true;0.0;0.0;0.74366224;0.0;0.0;0.0
10;5;true;0.0;0.0;0.74366224;0.0;0.0;0.0
10;10;true;0.0;0.0;0.74366224;0.0;0.0;0.0
11;2;true;0.0;0.0;0.7375674;0.0;0.0;0.0
11;3;true;0.0;0.0;0.7375674;0.0;0.0;0.0
11;5;true;0.0;0.0;0.7375674;0.0;0.0;0.0
11;10;true;0.0;0.0;0.7375674;0.0;0.0;0.0
12;2;true;0.0;0.0;0.7269007;0.0;0.0;0.0
12;3;true;0.0;0.0;0.7269007;0.0;0.0;0.0
12;5;true;0.0;0.0;0.7269007;0.0;0.0;0.0
12;10;true;0.0;0.0;0.7269007;0.0;0.0;0.0
13;2;true;0.0;0.0;0.7381656;0.0;0.0;0.0
13;3;true;0.0;0.0;0.7381656;0.0;0.0;0.0
13;5;true;0.0;0.0;0.7381656;0.0;0.0;0.0
13;10;true;0.0;0.0;0.7381656;0.0;0.0;0.0
14;2;true;0.0;0.0;0.7374767;0.0;0.0;0.0
14;3;true;0.0;0.0;0.7374767;0.0;0.0;0.0
14;5;true;0.0;0.0;0.7374767;0.0;0.0;0.0
14;10;true;0.0;0.0;0.7374767;0.0;0.0;0.0
15;2;true;0.0;0.0;0.7361316;0.0;0.0;0.0
15;3;true;0.0;0.0;0.7361316;0.0;0.0;0.0
15;5;true;0.0;0.0;0.7361316;0.0;0.0;0.0
15;10;true;0.0;0.0;0.7361316;0.0;0.0;0.0
16;2;true;0.0;0.0;0.7304883;0.0;0.0;0.0
16;3;true;0.0;0.0;0.7304883;0.0;0.0;0.0
16;5;true;0.0;0.0;0.7304883;0.0;0.0;0.0
16;10;true;0.0;0.0;0.7304883;0.0;0.0;0.0
17;2;true;0.0;0.0;0.73487526;0.0;0.0;0.0
17;3;true;0.0;0.0;0.73487526;0.0;0.0;0.0
17;5;true;0.0;0.0;0.73487526;0.0;0.0;0.0
17;10;true;0.0;0.0;0.73487526;0.0;0.0;0.0
18;2;true;0.0;0.0;0.73732424;0.0;0.0;0.0
18;3;true;0.0;0.0;0.73732424;0.0;0.0;0.0
18;5;true;0.0;0.0;0.73732424;0.0;0.0;0.0
18;10;true;0.0;0.0;0.73732424;0.0;0.0;0.0
19;2;true;0.0;0.0;0.7367456;0.0;0.0;0.0
19;3;true;0.0;0.0;0.7367456;0.0;0.0;0.0
19;5;true;0.0;0.0;0.7367456;0.0;0.0;0.0
19;10;true;0.0;0.0;0.7367456;0.0;0.0;0.0
20;2;true;0.0;0.0;0.7367456;0.0;0.0;0.0
20;3;true;0.0;0.0;0.7367456;0.0;0.0;0.0
20;5;true;0.0;0.0;0.7367456;0.0;0.0;0.0
20;10;true;0.0;0.0;0.7367456;0.0;0.0;0.0
5;2;false;0.4642857;0.18956634;0.76155937;0.4855637;0.4642857;0.4400306
5;3;false;0.4107143;0.21184514;0.73660713;0.4274854;0.4107143;0.37482947
5;5;false;0.49107143;0.19154322;0.7777424;0.5216417;0.49107143;0.4381856
5;10;false;0.49107143;0.19496202;0.77439415;0.5028015;0.49107143;0.44477043
6;2;false;0.46564886;0.21006063;0.751413;0.50175816;0.46564886;0.43452182
6;3;false;0.5648855;0.18391937;0.7971563;0.56644535;0.5648855;0.5231558
6;5;false;0.519084;0.20148148;0.7722743;0.5282141;0.519084;0.476791
6;10;false;0.5496183;0.19337946;0.78789115;0.5480925;0.5496183;0.49898076
7;2;false;0.5109489;0.19984253;0.76024294;0.5420087;0.5109489;0.49166933
7;3;false;0.50364965;0.20295992;0.7582183;0.54008317;0.50364965;0.47618002
7;5;false;0.54744524;0.1848933;0.78539073;0.47632983;0.54744524;0.49629274
7;10;false;0.5328467;0.19155324;0.7761202;0.4633394;0.5328467;0.48560774
8;2;false;0.46961325;0.261586;0.705534;0.42779532;0.46961325;0.43916038
8;3;false;0.5745856;0.20896973;0.7716797;0.56828946;0.5745856;0.53939575
8;5;false;0.59116024;0.2009698;0.787125;0.5232261;0.59116024;0.54207855
8;10;false;0.640884;0.18063335;0.8164891;0.5553252;0.640884;0.5864834
9;2;false;0.4918919;0.25140765;0.7197954;0.53219706;0.4918919;0.4619357
9;3;false;0.6054054;0.1949053;0.7952958;0.6151941;0.6054054;0.5606427
9;5;false;0.6378378;0.17974387;0.81195027;0.62496895;0.6378378;0.6004246
9;10;false;0.6486486;0.17442565;0.817268;0.62960297;0.6486486;0.61124146
10;2;false;0.40425533;0.28433326;0.6684586;0.44714853;0.40425533;0.39446396
10;3;false;0.47340426;0.25954217;0.70591897;0.4940197;0.47340426;0.45559648
10;5;false;0.5319149;0.23091254;0.7439452;0.52790457;0.5319149;0.50341916
10;10;false;0.53723407;0.22746643;0.7474819;0.5341831;0.53723407;0.5092197
11;2;false;0.52307695;0.23483633;0.74282706;0.56613964;0.52307695;0.48626143
11;3;false;0.53846157;0.23199537;0.749165;0.5569151;0.53846157;0.50196457
11;5;false;0.5897436;0.20664585;0.7758317;0.62834007;0.5897436;0.5579631
11;10;false;0.5897436;0.20760827;0.7756213;0.6267013;0.5897436;0.55806166
12;2;false;0.49756098;0.26156294;0.70710284;0.5662398;0.49756098;0.48712832
12;3;false;0.6292683;0.1961709;0.7913385;0.65535146;0.6292683;0.60637265
12;5;false;0.62439024;0.19948085;0.78867334;0.6065443;0.62439024;0.5970847
12;10;false;0.6097561;0.20759696;0.7797501;0.5964676;0.6097561;0.5816432
13;2;false;0.4471154;0.28032517;0.69478095;0.42591366;0.4471154;0.40789777
13;3;false;0.45673078;0.27823874;0.69748527;0.42292324;0.45673078;0.41890052
13;5;false;0.4903846;0.26069066;0.71629995;0.50208336;0.4903846;0.45633796
13;10;false;0.49519232;0.25988573;0.719143;0.5036846;0.49519232;0.45900452
14;2;false;0.48514852;0.25463414;0.72264975;0.46180183;0.48514852;0.4470657
14;3;false;0.48514852;0.2584886;0.71931666;0.45983586;0.48514852;0.44444454
14;5;false;0.5;0.25206372;0.7229684;0.45225045;0.5;0.46385768
14;10;false;0.53960395;0.2331911;0.74982846;0.47939092;0.53960395;0.49662697
15;2;false;0.47596154;0.26148418;0.7125324;0.45951143;0.47596154;0.44234425
15;3;false;0.52403843;0.23945436;0.7419332;0.5318026;0.52403843;0.48537096
15;5;false;0.52884614;0.2354775;0.74431396;0.5502034;0.52884614;0.49263403
15;10;false;0.53365386;0.233782;0.7473188;0.55093026;0.53365386;0.4961643
16;2;false;0.50980395;0.24910288;0.7236159;0.52826667;0.50980395;0.4794426
16;3;false;0.5245098;0.24560857;0.73423684;0.5301255;0.5245098;0.49139205
16;5;false;0.5588235;0.22970319;0.75756925;0.5072887;0.5588235;0.5146235
16;10;false;0.5735294;0.22266996;0.7679499;0.5167865;0.5735294;0.5270423
17;2;false;0.44761905;0.28480393;0.6832427;0.4838801;0.44761905;0.42757598
17;3;false;0.5190476;0.24453047;0.7358277;0.4821409;0.5190476;0.47582322
17;5;false;0.52380955;0.24418767;0.733356;0.5436231;0.52380955;0.49279785
17;10;false;0.54285717;0.23508403;0.7464172;0.5537881;0.54285717;0.51081026
18;2;false;0.47619048;0.26389384;0.7088209;0.5649741;0.47619048;0.45027494
18;3;false;0.52380955;0.2411124;0.73442173;0.57995915;0.52380955;0.50009185
18;5;false;0.54761904;0.22972168;0.7492517;0.5927565;0.54761904;0.52442545
18;10;false;0.5714286;0.21728797;0.7644444;0.6103943;0.5714286;0.5457607
19;2;false;0.48598132;0.2592301;0.7175736;0.5074914;0.48598132;0.44546473
19;3;false;0.52803737;0.23601207;0.7456764;0.4937064;0.52803737;0.4810386
19;5;false;0.5186916;0.24236676;0.73654896;0.5176397;0.5186916;0.4794742
19;10;false;0.5373832;0.2323748;0.74840593;0.53189874;0.5373832;0.4967045
20;2;false;0.46728972;0.2683163;0.706874;0.49914968;0.46728972;0.42468935
20;3;false;0.53271025;0.2362127;0.7471831;0.5962865;0.53271025;0.4949815
20;5;false;0.53271025;0.2362127;0.7461569;0.5945125;0.53271025;0.4963505
20;10;false;0.5420561;0.23166959;0.7536029;0.559301;0.5420561;0.49719024
iris
ranges;folds;smooth;TP;FP;Accuracy;Precision;Recall;F
5;2;true;0.08661418;0.5059341;0.36945873;0.06615948;0.08661418;0.07414965
5;3;true;0.11811024;0.5047881;0.38266474;0.11211913;0.11811024;0.110226005
5;5;true;0.22047244;0.45807892;0.4535309;0.2158983;0.22047244;0.1983591
5;10;true;0.25984251;0.4348181;0.482547;0.26045167;0.25984251;0.23295765
6;2;true;0.033783782;0.4874016;0.35404494;0.023243321;0.033783782;0.026511079
6;3;true;0.033783782;0.48771086;0.35395363;0.017414322;0.033783782;0.022982167
6;5;true;0.033783782;0.4877108;0.35395363;0.017414322;0.033783782;0.022982167
6;10;true;0.0472973;0.48102236;0.36299306;0.023887523;0.0472973;0.03174315
7;2;true;0.0;0.51939917;0.32413265;0.0;0.0;0.0
7;3;true;0.06428572;0.4918917;0.36642858;0.036525976;0.06428572;0.04658385
7;5;true;0.05;0.49847946;0.3567857;0.030120483;0.05;0.037593983
7;10;true;0.07857143;0.4860872;0.37566328;0.04414125;0.07857143;0.056526206
8;2;true;0.006666667;0.49666667;0.3377778;0.0036231882;0.006666667;0.0046948357
8;3;true;0.026666667;0.48666668;0.35111108;0.014035088;0.026666667;0.018390805
8;5;true;0.026666667;0.48666668;0.3511111;0.01388889;0.026666667;0.018264841
8;10;true;0.053333335;0.47333333;0.3688889;0.026402641;0.053333335;0.03532009
9;2;true;0.0;0.5074405;0.32998687;0.0;0.0;0.0
9;3;true;0.01369863;0.5011561;0.33899418;0.007872776;0.01369863;0.0099990005
9;5;true;0.034246575;0.49109185;0.35278666;0.019025875;0.034246575;0.024461841
9;10;true;0.04109589;0.48837483;0.35710263;0.021859517;0.04109589;0.028538816
10;2;true;0.0;0.5079272;0.3297054;0.0;0.0;0.0
10;3;true;0.0;0.50908244;0.32918936;0.0;0.0;0.0
10;5;true;0.006849315;0.5042525;0.3344436;0.0041260934;0.006849315;0.005149861
10;10;true;0.006849315;0.5055021;0.33388063;0.0041260934;0.006849315;0.005149861
11;2;true;0.0;0.5;0.33333334;0.0;0.0;0.0
11;3;true;0.0;0.5;0.33333334;0.0;0.0;0.0
11;5;true;0.0;0.5;0.33333334;0.0;0.0;0.0
11;10;true;0.0;0.5;0.33333334;0.0;0.0;0.0
12;2;true;0.0;0.5;0.33333334;0.0;0.0;0.0
12;3;true;0.0;0.5;0.33333334;0.0;0.0;0.0
12;5;true;0.0;0.5;0.33333334;0.0;0.0;0.0
12;10;true;0.0;0.5;0.33333334;0.0;0.0;0.0
13;2;true;0.0;0.5;0.33333334;0.0;0.0;0.0
13;3;true;0.0;0.5;0.33333334;0.0;0.0;0.0
13;5;true;0.006666667;0.49666667;0.33777776;0.0037453182;0.006666667;0.004796163
13;10;true;0.006666667;0.49666667;0.3377778;0.003663004;0.006666667;0.0047281324
14;2;true;0.0;0.5;0.33333334;0.0;0.0;0.0
14;3;true;0.0;0.5;0.33333334;0.0;0.0;0.0
14;5;true;0.006666667;0.49666667;0.3377778;0.0037037039;0.006666667;0.004761905
14;10;true;0.006666667;0.49666667;0.3377778;0.003663004;0.006666667;0.0047281324
15;2;true;0.0;0.5;0.33333337;0.0;0.0;0.0
15;3;true;0.0;0.5;0.33333334;0.0;0.0;0.0
15;5;true;0.006666667;0.49666667;0.3377778;0.0035842296;0.006666667;0.0046620048
15;10;true;0.006666667;0.49666667;0.3377778;0.0036231882;0.006666667;0.0046948357
16;2;true;0.0;0.5;0.33333334;0.0;0.0;0.0
16;3;true;0.0;0.5;0.33333334;0.0;0.0;0.0
16;5;true;0.006666667;0.49666667;0.33777776;0.0036231882;0.006666667;0.0046948357
16;10;true;0.006666667;0.49666667;0.3377778;0.0036231882;0.006666667;0.0046948357
17;2;true;0.0;0.5;0.33333334;0.0;0.0;0.0
17;3;true;0.0;0.5;0.33333334;0.0;0.0;0.0
17;5;true;0.0;0.5;0.33333334;0.0;0.0;0.0
17;10;true;0.0;0.5;0.33333334;0.0;0.0;0.0
18;2;true;0.006666667;0.49666667;0.33777776;0.0074074077;0.006666667;0.007017544
18;3;true;0.0;0.5;0.33333334;0.0;0.0;0.0
18;5;true;0.0;0.5;0.33333334;0.0;0.0;0.0
18;10;true;0.0;0.5;0.33333334;0.0;0.0;0.0
19;2;true;0.006666667;0.49666667;0.3377778;0.004115226;0.006666667;0.0050890585
19;3;true;0.006666667;0.49666667;0.33777776;0.0037453182;0.006666667;0.004796163
19;5;true;0.006666667;0.49666667;0.33777776;0.0037878787;0.006666667;0.004830918
19;10;true;0.006666667;0.49666667;0.33777776;0.0037878787;0.006666667;0.004830918
20;2;true;0.006666667;0.49666667;0.3377778;0.0040160646;0.006666667;0.0050125313
20;3;true;0.006666667;0.49666667;0.3377778;0.007936507;0.006666667;0.0072463765
20;5;true;0.0;0.5;0.33333334;0.0;0.0;0.0
20;10;true;0.0;0.5;0.33333334;0.0;0.0;0.0
5;2;false;0.96850395;0.014970912;0.9809039;0.9690617;0.96850395;0.9683846
5;3;false;0.9448819;0.030309903;0.963606;0.94516444;0.9448819;0.94442445
5;5;false;0.93700784;0.03434065;0.9588319;0.93758297;0.93700784;0.9364434
5;10;false;0.96062994;0.019001657;0.97612995;0.961922;0.96062994;0.9603849
6;2;false;0.9189189;0.040646397;0.94608295;0.92352957;0.9189189;0.9170252
6;3;false;0.9459459;0.02696017;0.96411616;0.9461249;0.9459459;0.9455706
6;5;false;0.9459459;0.026857097;0.96416175;0.94652194;0.9459459;0.9457731
6;10;false;0.9459459;0.026857097;0.96416175;0.94652194;0.9459459;0.9457731
7;2;false;0.95;0.02581569;0.9670408;0.95110214;0.95;0.9497287
7;3;false;0.96428573;0.01707735;0.9768877;0.9645954;0.96428573;0.96421576
7;5;false;0.9357143;0.031346697;0.9582142;0.9370745;0.9357143;0.93544346
7;10;false;0.94285715;0.028180277;0.96280617;0.94358313;0.94285715;0.9425805
8;2;false;0.9066667;0.046666667;0.9377778;0.9071415;0.9066667;0.90563375
8;3;false;0.9266667;0.036666665;0.95111114;0.92652214;0.9266667;0.9260301
8;5;false;0.92;0.04;0.94666666;0.9201773;0.92;0.91926545
8;10;false;0.9266667;0.036666665;0.95111114;0.92652214;0.9266667;0.9260301
9;2;false;0.9041096;0.04951775;0.9358228;0.91877234;0.9041096;0.90483093
9;3;false;0.9520548;0.024333708;0.9680991;0.95302516;0.9520548;0.9517002
9;5;false;0.9589041;0.020766355;0.9726966;0.9593259;0.9589041;0.958658
9;10;false;0.9589041;0.020766355;0.9726966;0.9593259;0.9589041;0.958658
10;2;false;0.8767123;0.06210361;0.9179958;0.88415223;0.8767123;0.87484485
10;3;false;0.96575344;0.017198937;0.9774349;0.9662266;0.96575344;0.96549684
10;5;false;0.9246575;0.037656076;0.9499906;0.9248605;0.9246575;0.92372715
10;10;false;0.9520548;0.023702327;0.9684275;0.9517424;0.9520548;0.9518309
11;2;false;0.85333335;0.07333333;0.9022222;0.86825967;0.85333335;0.8520337
11;3;false;0.9;0.05;0.93333334;0.9056322;0.9;0.8992154
11;5;false;0.9066667;0.046666667;0.9377778;0.90747476;0.9066667;0.9055305
11;10;false;0.91333336;0.043333333;0.9422222;0.9153298;0.91333336;0.91236234
12;2;false;0.84;0.08;0.8933333;0.86216146;0.84;0.83884656
12;3;false;0.94;0.03;0.96;0.9405863;0.94;0.9395605
12;5;false;0.9266667;0.036666665;0.951111;0.9268212;0.9266667;0.92594856
12;10;false;0.94666666;0.026666667;0.96444446;0.9466239;0.94666666;0.94638926
13;2;false;0.87333333;0.06333333;0.91555554;0.8802947;0.87333333;0.8718568
13;3;false;0.9266667;0.036666665;0.951111;0.9278141;0.9266667;0.9258976
13;5;false;0.9066667;0.046666667;0.9377778;0.91109365;0.9066667;0.905834
13;10;false;0.93333334;0.033333335;0.9555555;0.93414927;0.93333334;0.9327351
14;2;false;0.86;0.07;0.9066667;0.8723408;0.86;0.8581968
14;3;false;0.88;0.06;0.92;0.88591266;0.88;0.878156
14;5;false;0.9;0.05;0.93333334;0.90124714;0.9;0.89876455
14;10;false;0.91333336;0.043333333;0.9422222;0.91387075;0.91333336;0.91227937
15;2;false;0.84;0.08;0.8933333;0.8646007;0.84;0.8379501
15;3;false;0.85333335;0.07333333;0.9022222;0.8614483;0.85333335;0.85092145
15;5;false;0.91333336;0.043333333;0.9422222;0.9136982;0.91333336;0.91238284
15;10;false;0.92;0.04;0.94666666;0.9211906;0.92;0.91931224
16;2;false;0.8466667;0.07666667;0.89777774;0.8613622;0.8466667;0.84507287
16;3;false;0.8466667;0.07666667;0.89777774;0.856102;0.8466667;0.84420687
16;5;false;0.88666666;0.05666667;0.9244445;0.89289236;0.88666666;0.884858
16;10;false;0.9066667;0.046666667;0.9377777;0.9098992;0.9066667;0.9056951
17;2;false;0.79333335;0.10333333;0.8622222;0.8350869;0.79333335;0.7910867
17;3;false;0.8466667;0.07666667;0.8977778;0.8552183;0.8466667;0.8438253
17;5;false;0.9;0.05;0.93333334;0.90171;0.9;0.8987258
17;10;false;0.8933333;0.053333335;0.92888886;0.8947125;0.8933333;0.8917628
18;2;false;0.7733333;0.11333334;0.84888893;0.82096153;0.7733333;0.7715581
18;3;false;0.82;0.09;0.88;0.839612;0.82;0.81738186
18;5;false;0.88;0.06;0.92;0.8869047;0.88;0.87859964
18;10;false;0.87333333;0.06333333;0.91555554;0.88056517;0.87333333;0.87157285
19;2;false;0.7266667;0.13666667;0.81777775;0.7911936;0.7266667;0.72150785
19;3;false;0.82;0.09;0.88;0.85079366;0.82;0.81812865
19;5;false;0.8666667;0.06666667;0.9111111;0.87444437;0.8666667;0.8645117
19;10;false;0.87333333;0.06333333;0.91555554;0.88056517;0.87333333;0.87157285
20;2;false;0.74;0.13;0.82666665;0.80710953;0.74;0.73616296
20;3;false;0.81333333;0.093333334;0.8755555;0.831065;0.81333333;0.80989116
20;5;false;0.87333333;0.06333333;0.91555554;0.87728566;0.87333333;0.87146026
20;10;false;0.8666667;0.06666667;0.9111111;0.8692042;0.8666667;0.8644124
wine
ranges;folds;smooth;TP;FP;Accuracy;Precision;Recall;F
5;2;true;0.17977528;0.37132782;0.46853298;0.3644359;0.17977528;0.19418624
5;3;true;0.21348314;0.37306908;0.482357;0.2956766;0.21348314;0.20396046
5;5;true;0.2977528;0.3350919;0.53809494;0.37046328;0.2977528;0.2755215
5;10;true;0.3258427;0.32141325;0.55718976;0.40679234;0.3258427;0.30065274
6;2;true;0.101123594;0.40461788;0.41494128;0.17100438;0.101123594;0.09330981
6;3;true;0.13483146;0.39834;0.4343517;0.27750728;0.13483146;0.13862687
6;5;true;0.1741573;0.38074407;0.4583386;0.3088635;0.1741573;0.1633409
6;10;true;0.18539326;0.37186635;0.46761772;0.36905926;0.18539326;0.17782696
7;2;true;0.09550562;0.41357136;0.40919703;0.19837028;0.09550562;0.09008919
7;3;true;0.11797753;0.40337226;0.42298955;0.17553803;0.11797753;0.10131878
7;5;true;0.16292135;0.3853555;0.45186847;0.26933682;0.16292135;0.15436776
7;10;true;0.20786516;0.37041435;0.47891682;0.29708523;0.20786516;0.19124441
8;2;true;0.07865169;0.41741288;0.4000126;0.14488415;0.07865169;0.07476192
8;3;true;0.09550562;0.41616726;0.40884987;0.20470692;0.09550562;0.09997744
8;5;true;0.15730338;0.39784732;0.44464082;0.24249342;0.15730338;0.14618091
8;10;true;0.21910113;0.36699364;0.4857657;0.33350444;0.21910113;0.19025327
9;2;true;0.011235955;0.4470339;0.35620502;0.0070523545;0.011235955;0.008665639
9;3;true;0.016853932;0.4416695;0.3611602;0.07304298;0.016853932;0.018646944
9;5;true;0.04494382;0.4265688;0.3813281;0.24105655;0.04494382;0.05748344
9;10;true;0.056179777;0.42384228;0.38814545;0.27878988;0.056179777;0.07619988
10;2;true;0.0056179776;0.4391873;0.35718343;0.0035640933;0.0056179776;0.004361325
10;3;true;0.028089888;0.43821502;0.367441;0.016911259;0.028089888;0.021112144
10;5;true;0.02247191;0.43865275;0.36491603;0.089429475;0.02247191;0.022773068
10;10;true;0.039325844;0.43408328;0.3743214;0.085241325;0.039325844;0.034466654
11;2;true;0.02247191;0.43131083;0.36804065;0.013810862;0.02247191;0.017107647
11;3;true;0.011235955;0.44374385;0.35740435;0.006563578;0.011235955;0.008286517
11;5;true;0.02247191;0.4376934;0.36516854;0.013529007;0.02247191;0.016889717
11;10;true;0.033707865;0.43804246;0.3698081;0.019122731;0.033707865;0.024402013
12;2;true;0.0056179776;0.43184543;0.36068678;0.0038995375;0.0056179776;0.0046036206
12;3;true;0.0056179776;0.4363431;0.35857213;0.0037242773;0.0056179776;0.0044791983
12;5;true;0.016853932;0.4348073;0.36396918;0.010251361;0.016853932;0.012748486
12;10;true;0.016853932;0.43221137;0.36507386;0.010146755;0.016853932;0.012667287
13;2;true;0.011235955;0.43519428;0.36147583;0.0071220277;0.011235955;0.008671838
13;3;true;0.016853932;0.4376346;0.3632117;0.06411053;0.016853932;0.01895025
13;5;true;0.016853932;0.43290552;0.364632;0.010533801;0.016853932;0.012955943
13;10;true;0.02247191;0.4322533;0.36696753;0.01378653;0.02247191;0.017084291
14;2;true;0.011235955;0.43238392;0.36270672;0.007205667;0.011235955;0.008780415
14;3;true;0.0056179776;0.44272566;0.35570005;0.0036424252;0.0056179776;0.004419476
14;5;true;0.02247191;0.43106255;0.3683247;0.014569701;0.02247191;0.017677903
14;10;true;0.033707865;0.4281046;0.37441608;0.020502722;0.033707865;0.025496973
15;2;true;0.011235955;0.43190423;0.36302233;0.0074485545;0.011235955;0.0089583965
15;3;true;0.016853932;0.4345759;0.36400077;0.010044264;0.016853932;0.012587114
15;5;true;0.0056179776;0.43588033;0.35863525;0.0035640933;0.0056179776;0.004361325
15;10;true;0.0056179776;0.43493792;0.359014;0.0035261773;0.0056179776;0.0043328195
16;2;true;0.0;0.44126165;0.35380635;0.0;0.0;0.0
16;3;true;0.0;0.44268376;0.35311198;0.0;0.0;0.0
16;5;true;0.011235955;0.43782404;0.3605921;0.083301455;0.011235955;0.014829568
16;10;true;0.0056179776;0.4351693;0.35898244;0.0036028335;0.0056179776;0.0043902076
17;2;true;0.016853932;0.43361655;0.364632;0.01069228;0.016853932;0.013083974
17;3;true;0.0056179776;0.43564898;0.35866684;0.00348906;0.0056179776;0.004304684
17;5;true;0.016853932;0.43007824;0.3661154;0.010467179;0.016853932;0.012914052
17;10;true;0.02247191;0.43250158;0.36737785;0.013258426;0.02247191;0.016677266
18;2;true;0.0;0.44124475;0.35405883;0.0;0.0;0.0
18;3;true;0.0;0.4391285;0.35484785;0.0;0.0;0.0
18;5;true;0.0056179776;0.43659142;0.35828808;0.0035261773;0.0056179776;0.0043328195
18;10;true;0.011235955;0.4357078;0.3613811;0.20282045;0.011235955;0.01515055
19;2;true;0.0;0.43344006;0.3576253;0.0;0.0;0.0
19;3;true;0.0;0.43747503;0.35557377;0.0;0.0;0.0
19;5;true;0.0056179776;0.4259256;0.3631486;0.0027516624;0.0056179776;0.0036940125
19;10;true;0.0056179776;0.43303612;0.36002398;0.0037242773;0.0056179776;0.0044791983
20;2;true;0.0056179776;0.4344413;0.35996088;0.06647941;0.0056179776;0.010360425
20;3;true;0.0;0.4436262;0.35273322;0.0;0.0;0.0
20;5;true;0.0056179776;0.44485885;0.35465848;0.0035261773;0.0056179776;0.0043328195
20;10;true;0.0056179776;0.44439608;0.3547216;0.0033822518;0.0056179776;0.0042224294
5;2;false;0.8651685;0.07533111;0.90692466;0.87632185;0.8651685;0.8667336
5;3;false;0.8651685;0.076273546;0.9083134;0.87906724;0.8651685;0.86422324
5;5;false;0.92134833;0.04370754;0.94539833;0.92657137;0.92134833;0.9215266
5;10;false;0.9325843;0.038136773;0.95360434;0.9362143;0.9325843;0.932548
6;2;false;0.8764045;0.06693304;0.9162038;0.8921561;0.8764045;0.87685907
6;3;false;0.85955054;0.07528919;0.9035476;0.8792106;0.85955054;0.86143243
6;5;false;0.8764045;0.068817906;0.9126057;0.8838129;0.8764045;0.8780479
6;10;false;0.9101124;0.051163174;0.9372238;0.91386884;0.9101124;0.9108854
7;2;false;0.8033708;0.10266336;0.86611545;0.8328513;0.8033708;0.8050854
7;3;false;0.8146067;0.094976336;0.87362707;0.855331;0.8146067;0.817445
7;5;false;0.8426966;0.081280805;0.89265877;0.8642369;0.8426966;0.84362304
7;10;false;0.8820225;0.061783116;0.9199281;0.8912694;0.8820225;0.8822031
8;2;false;0.7977528;0.10898709;0.86276984;0.82437736;0.7977528;0.80035794
8;3;false;0.8202247;0.09101716;0.8803181;0.87218195;0.8202247;0.824326
8;5;false;0.7977528;0.108044654;0.8605921;0.82524264;0.7977528;0.8015226
8;10;false;0.8707865;0.07089224;0.9117536;0.8790541;0.8707865;0.8717998
9;2;false;0.76404494;0.118870996;0.84364355;0.8488106;0.76404494;0.7672768
9;3;false;0.78651685;0.10961432;0.8560472;0.84679025;0.78651685;0.7911054
9;5;false;0.8202247;0.09030609;0.8784876;0.8664922;0.8202247;0.8245177
9;10;false;0.8426966;0.080106996;0.8948996;0.8737707;0.8426966;0.84568566
10;2;false;0.7247191;0.13836867;0.81274456;0.83247745;0.7247191;0.7306606
10;3;false;0.7977528;0.10427493;0.86387455;0.8416026;0.7977528;0.8012005
10;5;false;0.7752809;0.1163589;0.84673655;0.82435524;0.7752809;0.7800904
10;10;false;0.8202247;0.09407582;0.87810886;0.8496285;0.8202247;0.82346565
11;2;false;0.6966292;0.15229559;0.79440725;0.8233196;0.6966292;0.70132375
11;3;false;0.7696629;0.11985534;0.84228635;0.82691354;0.7696629;0.775678
11;5;false;0.7921348;0.106828935;0.8568994;0.8461558;0.7921348;0.79827255
11;10;false;0.83146065;0.08638881;0.8841686;0.87118196;0.83146065;0.8362925
12;2;false;0.7022472;0.15162645;0.7999305;0.79737604;0.7022472;0.70456845
12;3;false;0.7022472;0.15422237;0.80030924;0.79612845;0.7022472;0.7048779
12;5;false;0.7696629;0.117028035;0.84083444;0.8424859;0.7696629;0.7744648
12;10;false;0.8146067;0.09662983;0.87362707;0.8570099;0.8146067;0.81740355
13;2;false;0.6797753;0.16088313;0.78497034;0.80198;0.6797753;0.67954546
13;3;false;0.71348315;0.14605568;0.8041282;0.80089706;0.71348315;0.71648693
13;5;false;0.747191;0.12674747;0.82694733;0.82102185;0.747191;0.75140494
13;10;false;0.8033708;0.10054711;0.8665257;0.84867823;0.8033708;0.80727303
14;2;false;0.66292137;0.16923927;0.7755649;0.79552984;0.66292137;0.6577738
14;3;false;0.6292135;0.18877889;0.74690694;0.75832224;0.6292135;0.6223638
14;5;false;0.7078652;0.14601378;0.80040395;0.8197634;0.7078652;0.70993066
14;10;false;0.75842696;0.122830175;0.83550054;0.82770437;0.75842696;0.7616868
15;2;false;0.64606744;0.17571057;0.76252997;0.8075276;0.64606744;0.63999563
15;3;false;0.6853933;0.16186747;0.7879687;0.7790876;0.6853933;0.6864917
15;5;false;0.6797753;0.16276799;0.7824138;0.7873228;0.6797753;0.68092793
15;10;false;0.74157304;0.13401362;0.8246118;0.80594045;0.74157304;0.74266225
16;2;false;0.6292135;0.18666266;0.75205153;0.79749197;0.6292135;0.6212599
16;3;false;0.6348315;0.18387726;0.7557758;0.8002541;0.6348315;0.6249634
16;5;false;0.6966292;0.15512289;0.79437566;0.8037687;0.6966292;0.69932765
16;10;false;0.7303371;0.13841058;0.8182363;0.8205296;0.7303371;0.729842
17;2;false;0.6235955;0.19039047;0.7468438;0.7870684;0.6235955;0.6156956
17;3;false;0.6292135;0.18972132;0.7476644;0.7516929;0.6292135;0.6283806
17;5;false;0.6797753;0.16159418;0.7820666;0.81100255;0.6797753;0.68021727
17;10;false;0.71348315;0.1458243;0.80630594;0.8183922;0.71348315;0.71411586
18;2;false;0.56179774;0.22008725;0.70461434;0.77569145;0.56179774;0.5398058
18;3;false;0.5955056;0.20431738;0.7256344;0.7724339;0.5955056;0.5918568
18;5;false;0.64044946;0.1803808;0.75479734;0.78599393;0.64044946;0.63804466
18;10;false;0.7078652;0.14860968;0.8025817;0.81523544;0.7078652;0.71007365
19;2;false;0.53932583;0.2293439;0.69258934;0.7939797;0.53932583;0.5058688
19;3;false;0.58426964;0.2089457;0.7199533;0.78195345;0.58426964;0.57130885
19;5;false;0.6123595;0.19501878;0.7382906;0.7898018;0.6123595;0.60585153
19;10;false;0.6741573;0.16437955;0.78052014;0.810033;0.6741573;0.6748924
20;2;false;0.53370786;0.2321293;0.68558264;0.7905174;0.53370786;0.5066848
20;3;false;0.5730337;0.21663274;0.71171564;0.7357238;0.5730337;0.5598458
20;5;false;0.6292135;0.18477777;0.74914783;0.8145188;0.6292135;0.62307626
20;10;false;0.6853933;0.15621287;0.78616965;0.82111865;0.6853933;0.6851605



UniformDensityDiscretizer
------------------------------------------------------------
Glass
ranges;folds;smooth;TP;FP;Accuracy;Precision;Recall;F
5;2;true;0.0;0.0;0.735808;0.0;0.0;0.0
5;3;true;0.0;0.0;0.735808;0.0;0.0;0.0
5;5;true;0.0;0.0;0.735808;0.0;0.0;0.0
5;10;true;0.0;0.0;0.735808;0.0;0.0;0.0
6;2;true;0.0;0.0;0.73558205;0.0;0.0;0.0
6;3;true;0.0;0.0;0.73558205;0.0;0.0;0.0
6;5;true;0.0;0.0;0.73558205;0.0;0.0;0.0
6;10;true;0.0;0.0;0.73558205;0.0;0.0;0.0
7;2;true;0.0;0.0;0.73558205;0.0;0.0;0.0
7;3;true;0.0;0.0;0.73558205;0.0;0.0;0.0
7;5;true;0.0;0.0;0.73558205;0.0;0.0;0.0
7;10;true;0.0;0.0;0.73558205;0.0;0.0;0.0
8;2;true;0.0;0.0;0.7367456;0.0;0.0;0.0
8;3;true;0.0;0.0;0.7367456;0.0;0.0;0.0
8;5;true;0.0;0.0;0.7367456;0.0;0.0;0.0
8;10;true;0.0;0.0;0.7367456;0.0;0.0;0.0
9;2;true;0.0;0.0;0.7367456;0.0;0.0;0.0
9;3;true;0.0;0.0;0.7367456;0.0;0.0;0.0
9;5;true;0.0;0.0;0.7367456;0.0;0.0;0.0
9;10;true;0.0;0.0;0.7367456;0.0;0.0;0.0
10;2;true;0.0;0.0;0.7367456;0.0;0.0;0.0
10;3;true;0.0;0.0;0.7367456;0.0;0.0;0.0
10;5;true;0.0;0.0;0.7367456;0.0;0.0;0.0
10;10;true;0.0;0.0;0.7367456;0.0;0.0;0.0
11;2;true;0.0;0.0;0.7367456;0.0;0.0;0.0
11;3;true;0.0;0.0;0.7367456;0.0;0.0;0.0
11;5;true;0.0;0.0;0.7367456;0.0;0.0;0.0
11;10;true;0.0;0.0;0.7367456;0.0;0.0;0.0
12;2;true;0.0;0.0;0.7367456;0.0;0.0;0.0
12;3;true;0.0;0.0;0.7367456;0.0;0.0;0.0
12;5;true;0.0;0.0;0.7367456;0.0;0.0;0.0
12;10;true;0.0;0.0;0.7367456;0.0;0.0;0.0
13;2;true;0.0;4.0324492E-4;0.7363744;0.0;0.0;0.0
13;3;true;0.0;0.0;0.7367456;0.0;0.0;0.0
13;5;true;0.0;0.0;0.7367456;0.0;0.0;0.0
13;10;true;0.0;0.0;0.7367456;0.0;0.0;0.0
14;2;true;0.0;4.0324492E-4;0.7363744;0.0;0.0;0.0
14;3;true;0.0;0.0;0.7367456;0.0;0.0;0.0
14;5;true;0.0;0.0;0.7367456;0.0;0.0;0.0
14;10;true;0.0;0.0;0.7367456;0.0;0.0;0.0
15;2;true;0.0;0.0;0.7367456;0.0;0.0;0.0
15;3;true;0.0;0.0;0.7367456;0.0;0.0;0.0
15;5;true;0.0;0.0;0.7367456;0.0;0.0;0.0
15;10;true;0.0;0.0;0.7367456;0.0;0.0;0.0
16;2;true;0.0;0.0;0.7367456;0.0;0.0;0.0
16;3;true;0.0;0.0;0.7367456;0.0;0.0;0.0
16;5;true;0.0;0.0;0.7367456;0.0;0.0;0.0
16;10;true;0.0;0.0;0.7367456;0.0;0.0;0.0
17;2;true;0.0;4.0324492E-4;0.7363744;0.0;0.0;0.0
17;3;true;0.0;4.0324492E-4;0.7363744;0.0;0.0;0.0
17;5;true;0.0;4.0324492E-4;0.7363744;0.0;0.0;0.0
17;10;true;0.0;4.0324492E-4;0.7363744;0.0;0.0;0.0
18;2;true;0.0;0.0;0.7367456;0.0;0.0;0.0
18;3;true;0.0;0.0;0.7367456;0.0;0.0;0.0
18;5;true;0.0;0.0;0.7367456;0.0;0.0;0.0
18;10;true;0.0;0.0;0.7367456;0.0;0.0;0.0
19;2;true;0.0;0.0;0.7367456;0.0;0.0;0.0
19;3;true;0.0;0.0;0.7367456;0.0;0.0;0.0
19;5;true;0.0;0.0;0.7367456;0.0;0.0;0.0
19;10;true;0.0;0.0;0.7367456;0.0;0.0;0.0
20;2;true;0.0;4.0324492E-4;0.7363744;0.0;0.0;0.0
20;3;true;0.0;0.0;0.7367456;0.0;0.0;0.0
20;5;true;0.0;0.0;0.7367456;0.0;0.0;0.0
20;10;true;0.0;0.0;0.7367456;0.0;0.0;0.0
5;2;false;0.58653843;0.22095264;0.77292895;0.5215968;0.58653843;0.53899807
5;3;false;0.59615386;0.21578804;0.78041786;0.5202806;0.59615386;0.542998
5;5;false;0.59615386;0.21664125;0.7775518;0.52045006;0.59615386;0.54601556
5;10;false;0.5769231;0.22509505;0.7656712;0.50882155;0.5769231;0.5300726
6;2;false;0.6273585;0.19672295;0.80271006;0.54075634;0.6273585;0.5707691
6;3;false;0.6650943;0.17762667;0.8277856;0.57787156;0.6650943;0.60781395
6;5;false;0.6556604;0.18325852;0.82117736;0.57364976;0.6556604;0.600203
6;10;false;0.6320755;0.19499858;0.8059363;0.5537246;0.6320755;0.5788423
7;2;false;0.5283019;0.24587044;0.7471965;0.47191152;0.5283019;0.46884084
7;3;false;0.5896226;0.21251455;0.7833748;0.51414466;0.5896226;0.5349163
7;5;false;0.6509434;0.18525404;0.8167275;0.60124505;0.6509434;0.5980949
7;10;false;0.6556604;0.18325852;0.82133317;0.5738494;0.6556604;0.59981215
8;2;false;0.57009345;0.2195206;0.7655035;0.59272635;0.57009345;0.5323981
8;3;false;0.5981308;0.20679711;0.7837366;0.5694069;0.5981308;0.5482421
8;5;false;0.60280377;0.20530303;0.7889772;0.564761;0.60280377;0.55384284
8;10;false;0.635514;0.18910027;0.810442;0.54694235;0.635514;0.57816243
9;2;false;0.52803737;0.23887369;0.74914837;0.52731735;0.52803737;0.47690892
9;3;false;0.61214954;0.19982475;0.79260206;0.6047896;0.61214954;0.57187533
9;5;false;0.60280377;0.20908393;0.787929;0.62766165;0.60280377;0.55986065
9;10;false;0.62616825;0.19772619;0.8018605;0.60303676;0.62616825;0.578873
10;2;false;0.54672897;0.22450085;0.761311;0.53201216;0.54672897;0.4990184
10;3;false;0.60747665;0.20439693;0.79151016;0.567298;0.60747665;0.55841357
10;5;false;0.61214954;0.2042389;0.7979954;0.53646696;0.61214954;0.5520884
10;10;false;0.63084114;0.19485077;0.808564;0.54843825;0.63084114;0.5710575
11;2;false;0.53271025;0.23772237;0.74989086;0.5339528;0.53271025;0.47939703
11;3;false;0.57476634;0.22210936;0.7731898;0.56639695;0.57476634;0.52322817
11;5;false;0.5981308;0.20863809;0.7886933;0.6257429;0.5981308;0.54790777
11;10;false;0.61214954;0.20272925;0.7986505;0.53378206;0.61214954;0.5512302
12;2;false;0.48598132;0.25454342;0.72202814;0.52915;0.48598132;0.43481413
12;3;false;0.57009345;0.21845709;0.76842946;0.52324957;0.57009345;0.52411336
12;5;false;0.58878505;0.21090995;0.78301597;0.55869776;0.58878505;0.5383772
12;10;false;0.5981308;0.20727265;0.79033095;0.5249629;0.5981308;0.5406622
13;2;false;0.5;0.24863455;0.72956157;0.57239217;0.5;0.4590061
13;3;false;0.59345794;0.20970191;0.7898288;0.58718836;0.59345794;0.5341649
13;5;false;0.60280377;0.199235;0.79502577;0.5662928;0.60280377;0.5512248
13;10;false;0.6168224;0.19483583;0.8035418;0.5714579;0.6168224;0.5622771
14;2;false;0.46261683;0.2672099;0.7076601;0.5286159;0.46261683;0.4109555
14;3;false;0.5233645;0.24347317;0.7438205;0.543686;0.5233645;0.47392133
14;5;false;0.5607477;0.22484116;0.7666172;0.5467757;0.5607477;0.5131947
14;10;false;0.5794392;0.21666075;0.77871424;0.55973643;0.5794392;0.52867717
15;2;false;0.45327103;0.27180967;0.70353305;0.48152053;0.45327103;0.39426237
15;3;false;0.5140187;0.24620467;0.7333173;0.53495026;0.5140187;0.47320762
15;5;false;0.55607474;0.22346014;0.7647829;0.5228403;0.55607474;0.5079309
15;10;false;0.5607477;0.21972607;0.76890993;0.52590895;0.5607477;0.5122458
16;2;false;0.45794392;0.26646212;0.70565116;0.5562782;0.45794392;0.4107243
16;3;false;0.52803737;0.23969197;0.7434274;0.54493773;0.52803737;0.48745522
16;5;false;0.55140185;0.22482589;0.7602629;0.5356039;0.55140185;0.51078844
16;10;false;0.5607477;0.21972607;0.7671849;0.53869694;0.5607477;0.5181729
17;2;false;0.44859812;0.27438316;0.6972443;0.5709357;0.44859812;0.39551747
17;3;false;0.52803737;0.23939003;0.7463316;0.54977006;0.52803737;0.4760277
17;5;false;0.53271025;0.2380243;0.75089526;0.49142385;0.53271025;0.47604394
17;10;false;0.52803737;0.24034297;0.74825317;0.48379588;0.52803737;0.47183684
18;2;false;0.43457943;0.28059393;0.6909337;0.5263476;0.43457943;0.3620921
18;3;false;0.4906542;0.2535806;0.72879726;0.54971063;0.4906542;0.42676163
18;5;false;0.4906542;0.25569412;0.7262206;0.5342775;0.4906542;0.43388605
18;10;false;0.48598132;0.25650313;0.72423357;0.5298486;0.48598132;0.43082702
19;2;false;0.42523363;0.2848351;0.68322563;0.5602063;0.42523363;0.35529816
19;3;false;0.5;0.24782978;0.73569745;0.56561524;0.5;0.43803635
19;5;false;0.4906542;0.25412774;0.7260459;0.5751314;0.4906542;0.44153684
19;10;false;0.5;0.24938656;0.7323347;0.55921435;0.5;0.44738027
20;2;false;0.42990655;0.27948752;0.6897764;0.48223752;0.42990655;0.35611555
20;3;false;0.47663552;0.2572182;0.7213949;0.5235958;0.47663552;0.42027047
20;5;false;0.5046729;0.24893618;0.7354136;0.55344313;0.5046729;0.44875914
20;10;false;0.48598132;0.2601359;0.72226834;0.5309883;0.48598132;0.43231308
iris
ranges;folds;smooth;TP;FP;Accuracy;Precision;Recall;F
5;2;true;0.08888889;0.49182868;0.37744856;0.06530074;0.08888889;0.073843
5;3;true;0.06666667;0.49892735;0.36395064;0.048634853;0.06666667;0.05503324
5;5;true;0.13333334;0.47377312;0.40631002;0.09741988;0.13333334;0.11004242
5;10;true;0.2074074;0.4360164;0.45876548;0.1432399;0.2074074;0.16029364
6;2;true;0.021582734;0.50989383;0.33875057;0.013659958;0.021582734;0.0167308
6;3;true;0.05035971;0.49925435;0.35702085;0.029278902;0.05035971;0.037029203
6;5;true;0.05035971;0.49970227;0.35655504;0.0346412;0.05035971;0.04006795
6;10;true;0.07913669;0.48413312;0.37648156;0.061236724;0.07913669;0.06693152
7;2;true;0.034722224;0.49424967;0.35165894;0.019290125;0.034722224;0.02480159
7;3;true;0.027777778;0.49983868;0.3458719;0.0217771;0.027777778;0.023336895
7;5;true;0.055555556;0.48550653;0.3648727;0.043876264;0.055555556;0.046654142
7;10;true;0.07638889;0.47508082;0.37895447;0.06151402;0.07638889;0.06465939
8;2;true;0.0;0.5;0.33333334;0.0;0.0;0.0
8;3;true;0.0;0.5;0.33333334;0.0;0.0;0.0
8;5;true;0.0;0.5;0.33333334;0.0;0.0;0.0
8;10;true;0.006666667;0.49666667;0.3377778;0.0036231882;0.006666667;0.0046948357
9;2;true;0.0;0.5;0.33333334;0.0;0.0;0.0
9;3;true;0.0;0.5;0.33333334;0.0;0.0;0.0
9;5;true;0.006666667;0.49666667;0.3377778;0.003508772;0.006666667;0.004597701
9;10;true;0.006666667;0.49666667;0.33777776;0.0036231882;0.006666667;0.0046948357
10;2;true;0.0;0.5;0.33333334;0.0;0.0;0.0
10;3;true;0.0;0.5;0.33333334;0.0;0.0;0.0
10;5;true;0.006666667;0.49666667;0.3377778;0.0036231882;0.006666667;0.0046948357
10;10;true;0.006666667;0.49666667;0.3377778;0.0036231882;0.006666667;0.0046948357
11;2;true;0.0;0.5;0.33333334;0.0;0.0;0.0
11;3;true;0.0;0.5;0.33333334;0.0;0.0;0.0
11;5;true;0.006666667;0.49666667;0.3377778;0.0037453182;0.006666667;0.004796163
11;10;true;0.006666667;0.49666667;0.33777776;0.0037878787;0.006666667;0.004830918
12;2;true;0.0;0.50401974;0.3315376;0.0;0.0;0.0
12;3;true;0.0;0.5046382;0.3312637;0.0;0.0;0.0
12;5;true;0.006756757;0.5009847;0.3359204;0.0036721504;0.006756757;0.0047582793
12;10;true;0.006756757;0.5009847;0.3359204;0.0036721504;0.006756757;0.0047582793
13;2;true;0.0;0.5;0.33333334;0.0;0.0;0.0
13;3;true;0.013333334;0.49333334;0.34222224;0.007017544;0.013333334;0.009195402
13;5;true;0.006666667;0.49666667;0.3377778;0.0035842296;0.006666667;0.0046620048
13;10;true;0.006666667;0.49666667;0.3377778;0.0035460992;0.006666667;0.0046296297
14;2;true;0.006666667;0.49666667;0.33777776;0.003663004;0.006666667;0.0047281324
14;3;true;0.013333334;0.49333334;0.34222224;0.007017544;0.013333334;0.009195402
14;5;true;0.006666667;0.49666667;0.3377778;0.0035842296;0.006666667;0.0046620048
14;10;true;0.013333334;0.49333334;0.3422222;0.007017544;0.013333334;0.009195402
15;2;true;0.006666667;0.49666667;0.3377778;0.0037037039;0.006666667;0.004761905
15;3;true;0.0;0.5;0.33333334;0.0;0.0;0.0
15;5;true;0.0;0.5;0.33333334;0.0;0.0;0.0
15;10;true;0.0;0.5;0.33333334;0.0;0.0;0.0
16;2;true;0.006666667;0.49666667;0.3377778;0.003921569;0.006666667;0.0049382714
16;3;true;0.0;0.5;0.33333334;0.0;0.0;0.0
16;5;true;0.0;0.5;0.33333334;0.0;0.0;0.0
16;10;true;0.0;0.5;0.33333334;0.0;0.0;0.0
17;2;true;0.006666667;0.49666667;0.3377778;0.003921569;0.006666667;0.0049382714
17;3;true;0.0;0.5;0.33333334;0.0;0.0;0.0
17;5;true;0.0;0.5;0.33333334;0.0;0.0;0.0
17;10;true;0.0;0.5;0.33333334;0.0;0.0;0.0
18;2;true;0.0;0.5;0.33333334;0.0;0.0;0.0
18;3;true;0.006666667;0.49666667;0.33777776;0.008130081;0.006666667;0.007326007
18;5;true;0.0;0.5;0.33333334;0.0;0.0;0.0
18;10;true;0.0;0.5;0.33333334;0.0;0.0;0.0
19;2;true;0.0;0.5;0.33333334;0.0;0.0;0.0
19;3;true;0.006666667;0.49666667;0.3377778;0.0077519375;0.006666667;0.0071684592
19;5;true;0.0;0.5;0.33333334;0.0;0.0;0.0
19;10;true;0.0;0.5;0.33333334;0.0;0.0;0.0
20;2;true;0.0;0.5;0.33333334;0.0;0.0;0.0
20;3;true;0.006666667;0.49666667;0.3377778;0.0077519375;0.006666667;0.0071684592
20;5;true;0.0;0.5;0.33333334;0.0;0.0;0.0
20;10;true;0.0;0.5;0.33333334;0.0;0.0;0.0
5;2;false;0.95555556;0.022918962;0.97097397;0.9560869;0.95555556;0.9553095
5;3;false;0.97037035;0.016371693;0.9805213;0.97125536;0.97037035;0.97019064
5;5;false;0.94814813;0.0286243;0.9651028;0.95059806;0.94814813;0.948016
5;10;false;0.962963;0.019380953;0.9758573;0.9631324;0.962963;0.96271837
6;2;false;0.94244605;0.02747819;0.9628901;0.94528496;0.94244605;0.94225174
6;3;false;0.9640288;0.017481977;0.97670925;0.9643149;0.9640288;0.9639394
6;5;false;0.9640288;0.017481977;0.97670925;0.9643149;0.9640288;0.9639394
6;10;false;0.9640288;0.017481977;0.97670925;0.9643149;0.9640288;0.9639394
7;2;false;0.9305556;0.035405207;0.9541859;0.932054;0.9305556;0.92913884
7;3;false;0.9513889;0.02432365;0.9678819;0.95117116;0.9513889;0.9510784
7;5;false;0.9513889;0.023455216;0.96826774;0.9515367;0.9513889;0.9513944
7;10;false;0.9513889;0.023455216;0.96826774;0.9515367;0.9513889;0.9513944
8;2;false;0.8466667;0.07666667;0.89777774;0.86013854;0.8466667;0.8447094
8;3;false;0.91333336;0.043333333;0.9422222;0.914317;0.91333336;0.9114583
8;5;false;0.94666666;0.026666667;0.96444446;0.9475247;0.94666666;0.9462682
8;10;false;0.94;0.03;0.96;0.9401362;0.94;0.93962806
9;2;false;0.86;0.07;0.9066667;0.8693121;0.86;0.85783803
9;3;false;0.93333334;0.033333335;0.9555555;0.9337259;0.93333334;0.9330921
9;5;false;0.92;0.04;0.94666666;0.9204483;0.92;0.9190151
9;10;false;0.93333334;0.033333335;0.9555555;0.9337259;0.93333334;0.9330921
10;2;false;0.85333335;0.07333333;0.9022222;0.86467355;0.85333335;0.85129374
10;3;false;0.9266667;0.036666665;0.95111114;0.9276998;0.9266667;0.9263788
10;5;false;0.91333336;0.043333333;0.9422222;0.91437966;0.91333336;0.91213936
10;10;false;0.9266667;0.036666665;0.95111114;0.9276998;0.9266667;0.9263788
11;2;false;0.8666667;0.06666667;0.9111111;0.8801857;0.8666667;0.8656323
11;3;false;0.93333334;0.033333335;0.9555555;0.93543935;0.93333334;0.93306947
11;5;false;0.9266667;0.036666665;0.951111;0.9282447;0.9266667;0.92570406
11;10;false;0.94;0.03;0.96;0.9412355;0.94;0.93979573
12;2;false;0.8445946;0.078257754;0.8965029;0.8583955;0.8445946;0.84002393
12;3;false;0.8783784;0.06091806;0.9191472;0.88239866;0.8783784;0.87425375
12;5;false;0.9054054;0.04712876;0.93722606;0.9053363;0.9054054;0.9041502
12;10;false;0.9054054;0.04712876;0.93722606;0.90725386;0.9054054;0.903912
13;2;false;0.86;0.07;0.9066667;0.86881727;0.86;0.85740745
13;3;false;0.87333333;0.06333333;0.91555554;0.8824012;0.87333333;0.86896414
13;5;false;0.91333336;0.043333333;0.9422222;0.91437966;0.91333336;0.91213936
13;10;false;0.91333336;0.043333333;0.9422222;0.91437966;0.91333336;0.91213936
14;2;false;0.82;0.09;0.88;0.84670013;0.82;0.8182916
14;3;false;0.86;0.07;0.9066667;0.8720935;0.86;0.85530263
14;5;false;0.9;0.05;0.93333334;0.9015694;0.9;0.8983163
14;10;false;0.9;0.05;0.93333334;0.9015694;0.9;0.8983163
15;2;false;0.7733333;0.11333334;0.84888893;0.82525826;0.7733333;0.77211374
15;3;false;0.84;0.08;0.8933333;0.85900676;0.84;0.8366365
15;5;false;0.8933333;0.053333335;0.928889;0.8956044;0.8933333;0.8911917
15;10;false;0.8933333;0.053333335;0.928889;0.8956044;0.8933333;0.8911917
16;2;false;0.74666667;0.12666667;0.8311111;0.81726193;0.74666667;0.7454631
16;3;false;0.84;0.08;0.8933333;0.85900676;0.84;0.8366365
16;5;false;0.8933333;0.053333335;0.92888886;0.89793235;0.8933333;0.89135844
16;10;false;0.8933333;0.053333335;0.92888886;0.89793235;0.8933333;0.89135844
17;2;false;0.74666667;0.12666667;0.8311111;0.81726193;0.74666667;0.7454631
17;3;false;0.8333333;0.083333336;0.88888884;0.8543512;0.8333333;0.8302531
17;5;false;0.88666666;0.05666667;0.9244445;0.8920112;0.88666666;0.88478523
17;10;false;0.88666666;0.05666667;0.9244445;0.8920112;0.88666666;0.88478523
18;2;false;0.7266667;0.13666667;0.81777775;0.8073534;0.7266667;0.7243484
18;3;false;0.8333333;0.083333336;0.88888884;0.86519957;0.8333333;0.8327836
18;5;false;0.8466667;0.07666667;0.8977778;0.85910094;0.8466667;0.84326345
18;10;false;0.8666667;0.06666667;0.91111106;0.87383384;0.8666667;0.8644029
19;2;false;0.7266667;0.13666667;0.81777775;0.8073534;0.7266667;0.7243484
19;3;false;0.82666665;0.086666666;0.88444436;0.8582011;0.82666665;0.82514626
19;5;false;0.8466667;0.07666667;0.8977778;0.85910094;0.8466667;0.84326345
19;10;false;0.8666667;0.06666667;0.91111106;0.87383384;0.8666667;0.8644029
20;2;false;0.7;0.15;0.8;0.79734683;0.7;0.69660443
20;3;false;0.82;0.09;0.88;0.8514797;0.82;0.8174603
20;5;false;0.8466667;0.07666667;0.8977778;0.85910094;0.8466667;0.84326345
20;10;false;0.8666667;0.06666667;0.91111106;0.87383384;0.8666667;0.8644029
wine
ranges;folds;smooth;TP;FP;Accuracy;Precision;Recall;F
5;2;true;0.08988764;0.40853512;0.40780836;0.10638511;0.08988764;0.072482556
5;3;true;0.1741573;0.37980163;0.45792827;0.27892846;0.1741573;0.14358507
5;5;true;0.16853933;0.38991204;0.45098475;0.23215933;0.16853933;0.14635926
5;10;true;0.1741573;0.38193476;0.4576758;0.32904857;0.1741573;0.16290508
6;2;true;0.033707865;0.42998952;0.37403736;0.074613236;0.033707865;0.031891696
6;3;true;0.073033705;0.418082;0.39710894;0.20710872;0.073033705;0.07735542
6;5;true;0.09550562;0.41166958;0.4098914;0.20693988;0.09550562;0.09869605
6;10;true;0.13483146;0.39455333;0.4350145;0.27524325;0.13483146;0.1314068
7;2;true;0.011235955;0.4278862;0.36482134;0.0075331973;0.011235955;0.0090193385
7;3;true;0.0056179776;0.43895593;0.357215;0.00348906;0.0056179776;0.004304684
7;5;true;0.028089888;0.43419698;0.36889285;0.01735906;0.028089888;0.02145705
7;10;true;0.033707865;0.4314285;0.37271178;0.019122731;0.033707865;0.024402013
8;2;true;0.028089888;0.41809103;0.37659386;0.019806972;0.028089888;0.023100687
8;3;true;0.016853932;0.4423637;0.3610655;0.051297717;0.016853932;0.018581279
8;5;true;0.016853932;0.44023052;0.3617283;0.01069228;0.016853932;0.013083974
8;10;true;0.04494382;0.42441872;0.38151747;0.12119049;0.04494382;0.046427675
9;2;true;0.011235955;0.43023387;0.36400077;0.008084406;0.011235955;0.009403139
9;3;true;0.0;0.44575933;0.3516917;0.0;0.0;0.0
9;5;true;0.011235955;0.43947756;0.3594874;0.00697812;0.011235955;0.008609368
9;10;true;0.0056179776;0.43943563;0.35689938;0.0033822518;0.0056179776;0.0042224294
10;2;true;0.016853932;0.43098682;0.36589444;0.011354739;0.016853932;0.013487599
10;3;true;0.0056179776;0.4394187;0.35715187;0.0036424252;0.0056179776;0.004419476
10;5;true;0.0056179776;0.43988147;0.35708874;0.0038098928;0.0056179776;0.004540557
10;10;true;0.0056179776;0.44036114;0.35677314;0.0036828963;0.0056179776;0.0044491366
11;2;true;0.02247191;0.42444858;0.3708812;0.014148263;0.02247191;0.017342417
11;3;true;0.0;0.4391285;0.35484785;0.0;0.0;0.0
11;5;true;0.0056179776;0.43468964;0.35929805;0.0037242773;0.0056179776;0.0044791983
11;10;true;0.0056179776;0.43351582;0.35970837;0.0036028335;0.0056179776;0.0043902076
12;2;true;0.0;0.43061274;0.35876152;0.0;0.0;0.0
12;3;true;0.0;0.43864882;0.35516346;0.0;0.0;0.0
12;5;true;0.0056179776;0.4384763;0.35753062;0.0036028335;0.0056179776;0.0043902076
12;10;true;0.0;0.43724364;0.35560533;0.0;0.0;0.0
13;2;true;0.0056179776;0.43042332;0.36138114;0.0039935024;0.0056179776;0.0046684607
13;3;true;0.0;0.44101334;0.3540904;0.0;0.0;0.0
13;5;true;0.0056179776;0.43397856;0.35964525;0.0037665986;0.0056179776;0.0045096693
13;10;true;0.0056179776;0.4351693;0.35898244;0.0036028335;0.0056179776;0.0043902076
14;2;true;0.0;0.43768948;0.35579473;0.0;0.0;0.0
14;3;true;0.0056179776;0.43751693;0.35781467;0.0030995738;0.0056179776;0.003995006
14;5;true;0.0056179776;0.4332506;0.35989773;0.0028996011;0.0056179776;0.003825006
14;10;true;0.0056179776;0.4379966;0.35749903;0.0031725052;0.0056179776;0.0040550814
15;2;true;0.0;0.4329604;0.3579409;0.0;0.0;0.0
15;3;true;0.0;0.4421872;0.35368007;0.0;0.0;0.0
15;5;true;0.0;0.43153828;0.35863528;0.0;0.0;0.0
15;10;true;0.0;0.43674704;0.35617346;0.0;0.0;0.0
16;2;true;0.011235955;0.4332925;0.36248583;0.007260926;0.011235955;0.008735534
16;3;true;0.0056179776;0.43348196;0.3605921;0.04985955;0.0056179776;0.010098137
16;5;true;0.0;0.4341342;0.35753062;0.0;0.0;0.0
16;10;true;0.0;0.4346139;0.35721502;0.0;0.0;0.0
17;2;true;0.0;0.43792087;0.35576317;0.0;0.0;0.0
17;3;true;0.0056179776;0.4339617;0.36027646;0.056982346;0.0056179776;0.0102276
17;5;true;0.0;0.43367144;0.35759374;0.0;0.0;0.0
17;10;true;0.0;0.43344006;0.3576253;0.0;0.0;0.0
18;2;true;0.0056179776;0.434921;0.35891932;0.0030643514;0.0056179776;0.003965631
18;3;true;0.0;0.4388802;0.35513192;0.0;0.0;0.0
18;5;true;0.0;0.4343825;0.35724655;0.0;0.0;0.0
18;10;true;0.0;0.43628427;0.35623658;0.0;0.0;0.0
19;2;true;0.0;0.43982264;0.3547532;0.0;0.0;0.0
19;3;true;0.0;0.440782;0.35412195;0.0;0.0;0.0
19;5;true;0.0;0.43367144;0.35759374;0.0;0.0;0.0
19;10;true;0.0;0.43935984;0.35481632;0.0;0.0;0.0
20;2;true;0.011235955;0.43256456;0.36273828;0.005447736;0.011235955;0.0073377662
20;3;true;0.0;0.43720978;0.35611033;0.0;0.0;0.0
20;5;true;0.0056179776;0.43419304;0.359519;0.0028996011;0.0056179776;0.003825006
20;10;true;0.0056179776;0.43703726;0.35813028;0.0030299204;0.0056179776;0.0039366847
5;2;false;0.8876405;0.06136227;0.9237155;0.89855766;0.8876405;0.8887163
5;3;false;0.9044944;0.05394856;0.9349199;0.91075766;0.9044944;0.9048225
5;5;false;0.91573036;0.043897003;0.9420528;0.9221219;0.91573036;0.9164576
5;10;false;0.9044944;0.05135264;0.9341939;0.9099807;0.9044944;0.90512276
6;2;false;0.89325845;0.059519324;0.9281657;0.9023855;0.89325845;0.8933139
6;3;false;0.9101124;0.051163174;0.9390229;0.9156568;0.9101124;0.9101932
6;5;false;0.89325845;0.05857689;0.9285444;0.90339285;0.89325845;0.8935923
6;10;false;0.9101124;0.052105602;0.93937004;0.91592276;0.9101124;0.90965325
7;2;false;0.8651685;0.071081705;0.9097967;0.8769543;0.8651685;0.86498266
7;3;false;0.89325845;0.05574959;0.93002784;0.9089997;0.89325845;0.8942351
7;5;false;0.8876405;0.060882602;0.92368394;0.89173967;0.8876405;0.88794243
7;10;false;0.9101124;0.0478562;0.93971723;0.91346854;0.9101124;0.9097509
8;2;false;0.78089887;0.114515945;0.85371166;0.82690173;0.78089887;0.7809607
8;3;false;0.8202247;0.09690312;0.88025504;0.8437827;0.8202247;0.8195036
8;5;false;0.8483146;0.08038029;0.8985924;0.8620928;0.8483146;0.8486312
8;10;false;0.8707865;0.069007374;0.9138998;0.8851755;0.8707865;0.8699693
9;2;false;0.75842696;0.12731096;0.8373312;0.8167011;0.75842696;0.7616111
9;3;false;0.8033708;0.10314303;0.8679775;0.84757894;0.8033708;0.8059466
9;5;false;0.8258427;0.0920015;0.88221186;0.85902387;0.8258427;0.8286681
9;10;false;0.83146065;0.09015855;0.8859361;0.85995656;0.83146065;0.8333169
10;2;false;0.7977528;0.10144763;0.8657051;0.8557699;0.7977528;0.80119246
10;3;false;0.8146067;0.094033904;0.8769095;0.8598576;0.8146067;0.81669927
10;5;false;0.8483146;0.07732161;0.8997286;0.8770968;0.8483146;0.8504063
10;10;false;0.8651685;0.068023026;0.9105858;0.89080966;0.8651685;0.8673905
11;2;false;0.75842696;0.12000289;0.84061354;0.8448308;0.75842696;0.760097
11;3;false;0.74157304;0.13001253;0.8268527;0.8410619;0.74157304;0.74477315
11;5;false;0.78651685;0.10890327;0.8582249;0.84012175;0.78651685;0.7895745
11;10;false;0.8258427;0.08940558;0.8833166;0.86016667;0.8258427;0.8292542
12;2;false;0.6797753;0.16065174;0.7838972;0.8196754;0.6797753;0.68064475
12;3;false;0.747191;0.13005444;0.83382773;0.83007544;0.747191;0.7412983
12;5;false;0.78089887;0.112399705;0.85232294;0.8431072;0.78089887;0.78665626
12;10;false;0.8033708;0.100315735;0.86763036;0.85982966;0.8033708;0.8075966
13;2;false;0.66292137;0.1690079;0.7744918;0.8157172;0.66292137;0.6595653
13;3;false;0.66853935;0.16739632;0.77641714;0.7890985;0.66853935;0.6712768
13;5;false;0.75842696;0.12354124;0.83808863;0.8339879;0.75842696;0.76364297
13;10;false;0.8202247;0.09195958;0.88104403;0.86761296;0.8202247;0.8233273
14;2;false;0.66292137;0.16806546;0.77196693;0.8223564;0.66292137;0.6639707
14;3;false;0.6797753;0.1597093;0.7850019;0.8276801;0.6797753;0.68120366
14;5;false;0.7247191;0.13836867;0.8185519;0.8351533;0.7247191;0.72406983
14;10;false;0.7921348;0.105886504;0.862328;0.8558758;0.7921348;0.7942565
15;2;false;0.60674155;0.19591932;0.73674405;0.80883515;0.60674155;0.59607553
15;3;false;0.69101125;0.15319611;0.79320794;0.8400848;0.69101125;0.69209534
15;5;false;0.752809;0.12255689;0.839067;0.8584051;0.752809;0.7502062
15;10;false;0.78089887;0.110514835;0.85629964;0.8571505;0.78089887;0.78068364
16;2;false;0.5674157;0.21447456;0.7065711;0.8123347;0.5674157;0.54937875
16;3;false;0.6516854;0.17363624;0.76593864;0.819864;0.6516854;0.65022063
16;5;false;0.7247191;0.13765761;0.81817317;0.8249032;0.7247191;0.7246549
16;10;false;0.76404494;0.11981343;0.84471655;0.8447125;0.76404494;0.7636864
17;2;false;0.5;0.24813055;0.65875524;0.7607021;0.5;0.45474008
17;3;false;0.5730337;0.21192056;0.7146509;0.7813506;0.5730337;0.55286527
17;5;false;0.6966292;0.15064211;0.7962063;0.8232467;0.6966292;0.698733
17;10;false;0.7303371;0.13581467;0.8189938;0.82168126;0.7303371;0.733003
18;2;false;0.46629214;0.26484287;0.63849264;0.7453024;0.46629214;0.40659872
18;3;false;0.5674157;0.21470594;0.7119997;0.7768396;0.5674157;0.542391
18;5;false;0.6516854;0.1738676;0.76881075;0.79885995;0.6516854;0.642573
18;10;false;0.69101125;0.15531236;0.7953542;0.8060612;0.69101125;0.6868315
19;2;false;0.43258426;0.28132376;0.6153579;0.79076546;0.43258426;0.35425237
19;3;false;0.56179774;0.21749133;0.7071708;0.77707064;0.56179774;0.5381966
19;5;false;0.6235955;0.18756315;0.7483272;0.81308067;0.6235955;0.61573446
19;10;false;0.6797753;0.16065174;0.7886315;0.8209485;0.6797753;0.6744814
20;2;false;0.44382024;0.27504197;0.62100744;0.7706291;0.44382024;0.36969933
20;3;false;0.53370786;0.23141825;0.6848252;0.7723449;0.53370786;0.5027692
20;5;false;0.53932583;0.22863287;0.6900328;0.7723324;0.53932583;0.5129204
20;10;false;0.6179775;0.1896375;0.7452973;0.79622674;0.6179775;0.6073075